[6.0]
[4.0]
[3.0]
[4.0]
[0.0]
[11.0]
[1.0]
[1.0]
[7.0]
[5.0]
[3.0]
[7.0]
[2.0]
[6.0]
[7.0]
[3.0]
[1.0]
[0.0]
[3.0]
[11.0]
[2.0]
[0.0]
[3.0]
[7.0]
[3.0]
[4.0]
[3.0]
[4.0]
[2.0]
[3.0]
[2.0]
[5.0]
[0.0]
[0.0]
[8.0]
[3.0]
[2.0]
[1.0]
[6.0]
[0.0]
[3.0]
[2.0]
[2.0]
[0.0]
[5.0]
[13.0]
[3.0]
[7.0]
[0.0]
[1.0]
[1.0]
[6.0]
[3.0]
[6.0]
[1.0]
[0.0]
[9.0]
[0.0]
[3.0]
[7.0]
[1.0]
[10.0]
[0.0]
[1.0]
[3.0]
[3.0]
[1.0]
[0.0]
[7.0]
[4.0]
[8.0]
[1.0]
[4.0]
[0.0]
[3.0]
[2.0]
[0.0]
[2.0, 0.49748743718592964]
[0.0, 0.5125628140703518]
[0.0, 0.592964824120603]
[10.0, 0.45226130653266333]
[5.0, 0.542713567839196]
[10.0, 0.7437185929648241]
[1.0, 0.9698492462311558]
[7.0, 0.9798994974874372]
[2.0, 0.5276381909547738]
[4.0, 0.5778894472361809]
[4.0, 0.6482412060301508]
[8.0, 0.9095477386934674]
[1.0, 0.7587939698492462]
[1.0, 0.9849246231155779]
[2.0, 0.4824120603015075]
[5.0, 0.5477386934673367]
[6.0, 0.5276381909547738]
[7.0, 0.7135678391959799]
[2.0, 0.4371859296482412]
[1.0, 0.7487437185929648]
[5.0, 0.7939698492462312]
[1.0, 0.8391959798994975]
[5.0, 0.8140703517587939]
[2.0, 0.5979899497487438]
[1.0, 0.7336683417085427]
[3.0, 0.5376884422110553]
[9.0, 0.8241206030150754]
[1.0, 0.6934673366834171]
[4.0, 0.6582914572864321]
[5.0, 0.6532663316582915]
[5.0, 0.6834170854271356]
[1.0, 0.5477386934673367]
[2.0, 0.5628140703517588]
[0.0, 0.6432160804020101]
[2.0, 0.6482412060301508]
[4.0, 0.8693467336683417]
[1.0, 0.6231155778894473]
[1.0, 0.3969849246231156]
[3.0, 0.4371859296482412]
[9.0, 0.7286432160804021]
[8.0, 0.542713567839196]
[2.0, 0.6381909547738693]
[1.0, 0.949748743718593]
[0.0, 0.9949748743718593]
[3.0, 0.6331658291457286]
[0.0, 0.9045226130653267]
[5.0, 0.7185929648241206]
[0.0, 0.6934673366834171]
[9.0, 0.4472361809045226]
[9.0, 0.7738693467336684]
[6.0, 0.8140703517587939]
[8.0, 0.9346733668341709]
[2.0, 0.5025125628140703]
[0.0, 0.6884422110552764]
[0.0, 0.5979899497487438]
[6.0, 0.4271356783919598]
[6.0, 0.5477386934673367]
[1.0, 0.48743718592964824]
[2.0, 0.2814070351758794]
[2.0, 0.6381909547738693]
[4.0, 0.45226130653266333]
[6.0, 0.5728643216080402]
[0.0, 0.6381909547738693]
[9.0, 0.5628140703517588]
[0.0, 0.5376884422110553]
[2.0, 0.6432160804020101]
[3.0, 0.3065326633165829]
[4.0, 0.45226130653266333]
[5.0, 0.0]
[7.0, 0.48743718592964824]
[7.0, 0.7638190954773869]
[4.0, 0.6381909547738693]
[5.0, 0.5276381909547738]
[1.0, 0.4020100502512563]
[6.0, 0.5577889447236181]
[7.0, 0.7537688442211056]
[3.0, 0.49748743718592964]
[6.0, 0.6733668341708543, 0.5737704918032787]
[4.0, 0.4221105527638191, 0.7377049180327869]
[5.0, 0.6633165829145728, 0.6557377049180327]
[1.0, 0.507537688442211, 0.4098360655737705]
[6.0, 0.9798994974874372, 0.5737704918032787]
[4.0, 0.38190954773869346, 0.5081967213114754]
[2.0, 0.6984924623115578, 0.6147540983606558]
[1.0, 0.47738693467336685, 0.5409836065573771]
[3.0, 0.6532663316582915, 0.5245901639344263]
[7.0, 0.9095477386934674, 0.6885245901639344]
[4.0, 0.5527638190954773, 0.5409836065573771]
[4.0, 0.628140703517588, 0.6557377049180327]
[0.0, 0.6934673366834171, 0.4918032786885246]
[7.0, 0.7989949748743719, 0.5409836065573771]
[4.0, 0.6834170854271356, 0.5737704918032787]
[9.0, 0.7638190954773869, 0.639344262295082]
[0.0, 0.8140703517587939, 0.6229508196721312]
[11.0, 0.678391959798995, 0.0]
[0.0, 0.6180904522613065, 0.5901639344262295]
[2.0, 0.4623115577889447, 0.6229508196721312]
[3.0, 0.9045226130653267, 0.5245901639344263]
[3.0, 0.39195979899497485, 0.5737704918032787]
[1.0, 0.628140703517588, 0.4098360655737705]
[2.0, 0.8793969849246231, 0.7213114754098361]
[1.0, 0.47738693467336685, 0.6721311475409836]
[1.0, 0.9095477386934674, 0.5245901639344263]
[7.0, 0.5728643216080402, 0.5409836065573771]
[0.0, 0.5879396984924623, 0.5409836065573771]
[5.0, 0.5527638190954773, 0.5573770491803278]
[2.0, 0.4623115577889447, 0.4262295081967213]
[7.0, 0.5276381909547738, 0.0]
[13.0, 0.6482412060301508, 0.0]
[5.0, 0.4824120603015075, 0.6065573770491803]
[1.0, 0.35678391959798994, 0.5081967213114754]
[2.0, 0.5527638190954773, 0.6065573770491803]
[0.0, 0.6984924623115578, 0.5081967213114754]
[10.0, 0.8442211055276382, 0.6065573770491803]
[0.0, 0.5276381909547738, 0.7377049180327869]
[5.0, 0.5326633165829145, 0.6721311475409836]
[4.0, 0.5477386934673367, 0.5245901639344263]
[0.0, 0.5025125628140703, 0.5737704918032787]
[0.0, 0.4221105527638191, 0.5245901639344263]
[5.0, 0.5829145728643216, 0.6065573770491803]
[3.0, 0.4824120603015075, 0.45901639344262296]
[2.0, 0.35678391959798994, 0.5737704918032787]
[7.0, 0.8944723618090452, 0.6885245901639344]
[0.0, 0.37185929648241206, 0.4262295081967213]
[11.0, 0.5175879396984925, 0.5573770491803278]
[1.0, 0.5376884422110553, 0.4098360655737705]
[0.0, 0.542713567839196, 0.5573770491803278]
[7.0, 0.8040201005025126, 0.4426229508196721]
[1.0, 0.49748743718592964, 0.5901639344262295]
[1.0, 0.5979899497487438, 0.7049180327868853]
[1.0, 0.6984924623115578, 0.3770491803278688]
[17.0, 0.8190954773869347, 0.5901639344262295]
[1.0, 0.4020100502512563, 0.45081967213114754]
[10.0, 0.4623115577889447, 0.5081967213114754]
[1.0, 0.6080402010050251, 0.639344262295082]
[4.0, 0.4271356783919598, 0.47540983606557374]
[2.0, 0.5778894472361809, 0.5245901639344263]
[7.0, 0.5175879396984925, 0.5409836065573771]
[2.0, 0.5628140703517588, 0.6147540983606558]
[7.0, 0.9396984924623115, 0.4098360655737705]
[10.0, 0.6482412060301508, 0.6229508196721312]
[2.0, 0.628140703517588, 0.4918032786885246]
[6.0, 0.7236180904522613, 0.5901639344262295]
[2.0, 0.6432160804020101, 0.639344262295082]
[5.0, 0.4271356783919598, 0.6065573770491803]
[3.0, 0.8542713567839196, 0.5245901639344263]
[0.0, 0.39195979899497485, 0.7213114754098361]
[2.0, 0.44221105527638194, 0.47540983606557374]
[10.0, 0.8140703517587939, 0.6885245901639344]
[1.0, 0.44221105527638194, 0.639344262295082]
[2.0, 0.592964824120603, 0.6557377049180327]
[5.0, 0.7386934673366834, 0.6147540983606558]
[1.0, 0.35678391959798994, 0.39344262295081966]
[5.0, 0.22110552763819097, 0.5081967213114754]
[2.0, 0.4271356783919598, 0.5327868852459017, 0.0]
[4.0, 0.7336683417085427, 0.639344262295082, 0.0]
[4.0, 0.6884422110552764, 0.6885245901639344, 0.0]
[0.0, 0.457286432160804, 0.5573770491803278, 0.32323232323232326]
[3.0, 0.7939698492462312, 0.6229508196721312, 0.36363636363636365]
[8.0, 0.6030150753768844, 0.639344262295082, 0.0]
[6.0, 0.6231155778894473, 0.5901639344262295, 0.0]
[2.0, 0.7135678391959799, 0.6721311475409836, 0.18181818181818182]
[9.0, 0.8542713567839196, 0.6065573770491803, 0.31313131313131315]
[1.0, 0.44221105527638194, 0.5081967213114754, 0.24242424242424243]
[5.0, 0.5628140703517588, 0.5409836065573771, 0.0]
[8.0, 0.8994974874371859, 0.5901639344262295, 0.42424242424242425]
[11.0, 0.4271356783919598, 0.6065573770491803, 0.0]
[3.0, 0.5125628140703518, 0.6065573770491803, 0.0]
[0.0, 0.5477386934673367, 0.7213114754098361, 0.30303030303030304]
[1.0, 0.6331658291457286, 0.45901639344262296, 0.29292929292929293]
[13.0, 0.38190954773869346, 0.4918032786885246, 0.0]
[10.0, 0.5778894472361809, 0.8032786885245902, 0.0]
[1.0, 0.0, 0.39344262295081966, 0.20202020202020202]
[3.0, 0.9597989949748744, 0.5573770491803278, 0.15151515151515152]
[6.0, 0.0, 0.5573770491803278, 0.41414141414141414]
[2.0, 0.5879396984924623, 0.7377049180327869, 0.1919191919191919]
[0.0, 0.6633165829145728, 0.639344262295082, 0.0]
[4.0, 0.6482412060301508, 0.4918032786885246, 0.12121212121212122]
[2.0, 0.7788944723618091, 0.4262295081967213, 0.2727272727272727]
[0.0, 0.5678391959798995, 0.6557377049180327, 0.16161616161616163]
[5.0, 0.6080402010050251, 0.5901639344262295, 0.23232323232323232]
[4.0, 0.6633165829145728, 0.7049180327868853, 0.31313131313131315]
[2.0, 0.3417085427135678, 0.5081967213114754, 0.13131313131313133]
[4.0, 0.6130653266331658, 0.5573770491803278, 0.0]
[13.0, 0.7688442211055276, 0.7213114754098361, 0.37373737373737376]
[2.0, 0.5276381909547738, 0.6557377049180327, 0.45454545454545453]
[1.0, 0.41708542713567837, 0.5573770491803278, 0.0]
[1.0, 0.40703517587939697, 0.5901639344262295, 0.18181818181818182]
[4.0, 0.9246231155778895, 0.639344262295082, 0.3939393939393939]
[3.0, 0.8693467336683417, 0.639344262295082, 0.3939393939393939]
[0.0, 0.5125628140703518, 0.639344262295082, 0.40404040404040403]
[4.0, 0.7437185929648241, 0.4918032786885246, 0.2727272727272727]
[2.0, 0.5025125628140703, 0.5737704918032787, 0.5252525252525253]
[2.0, 0.49246231155778897, 0.4918032786885246, 0.1717171717171717]
[7.0, 0.5326633165829145, 0.4918032786885246, 0.24242424242424243]
[0.0, 0.8391959798994975, 0.0, 0.0]
[4.0, 0.47738693467336685, 0.4918032786885246, 0.32323232323232326]
[9.0, 0.8241206030150754, 0.6885245901639344, 0.21212121212121213]
[1.0, 0.3969849246231156, 0.4918032786885246, 0.42424242424242425]
[4.0, 0.8592964824120602, 0.5901639344262295, 0.0]
[2.0, 0.7336683417085427, 0.6229508196721312, 0.35353535353535354]
[1.0, 0.0, 0.5573770491803278, 0.35353535353535354]
[2.0, 0.507537688442211, 0.47540983606557374, 0.1717171717171717]
[6.0, 0.8291457286432161, 0.5573770491803278, 0.26262626262626265]
[1.0, 0.45226130653266333, 0.5081967213114754, 0.18181818181818182]
[7.0, 0.5376884422110553, 0.6065573770491803, 0.0]
[5.0, 0.6231155778894473, 0.6065573770491803, 0.0]
[4.0, 0.7336683417085427, 0.7540983606557377, 0.0]
[0.0, 0.949748743718593, 0.8524590163934426, 0.25252525252525254]
[0.0, 0.4723618090452261, 0.5737704918032787, 0.2727272727272727]
[1.0, 0.5577889447236181, 0.5081967213114754, 0.13131313131313133]
[2.0, 0.3768844221105528, 0.5245901639344263, 0.24242424242424243]
[0.0, 0.7286432160804021, 0.0, 0.0]
[6.0, 0.49246231155778897, 0.47540983606557374, 0.3333333333333333]
[2.0, 0.6180904522613065, 0.39344262295081966, 0.32323232323232326]
[3.0, 0.7939698492462312, 0.5737704918032787, 0.30303030303030304]
[2.0, 0.49748743718592964, 0.0, 0.0]
[1.0, 0.48743718592964824, 0.5737704918032787, 0.15151515151515152]
[1.0, 0.7386934673366834, 0.7704918032786885, 0.41414141414141414]
[0.0, 0.2864321608040201, 0.4918032786885246, 0.0]
[0.0, 0.5226130653266332, 0.5245901639344263, 0.23232323232323232]
[11.0, 0.7185929648241206, 0.7704918032786885, 0.3333333333333333]
[5.0, 0.6130653266331658, 0.7049180327868853, 0.0]
[9.0, 0.7035175879396985, 0.7704918032786885, 0.0]
[4.0, 0.7085427135678392, 0.6065573770491803, 0.0]
[0.0, 0.5125628140703518, 0.6147540983606558, 0.23232323232323232]
[1.0, 0.7688442211055276, 0.6721311475409836, 0.42424242424242425]
[5.0, 0.7788944723618091, 0.6885245901639344, 0.4444444444444444]
[3.0, 0.4824120603015075, 0.639344262295082, 0.3939393939393939]
[4.0, 0.48743718592964824, 0.4918032786885246, 0.23232323232323232]
[8.0, 0.5628140703517588, 0.5901639344262295, 0.0]
[3.0, 0.5577889447236181, 0.45901639344262296, 0.3939393939393939]
[7.0, 0.5025125628140703, 0.0, 0.0]
[5.0, 0.48743718592964824, 0.6229508196721312, 0.2727272727272727]
[9.0, 0.8592964824120602, 0.9016393442622951, 0.24242424242424243]
[0.0, 0.8994974874371859, 0.4098360655737705, 0.36363636363636365]
[1.0, 0.5979899497487438, 0.7213114754098361, 0.41414141414141414]
[8.0, 0.32663316582914576, 0.5901639344262295, 0.23232323232323232]
[2.0, 0.49748743718592964, 0.4918032786885246, 0.1717171717171717]
[2.0, 0.45226130653266333, 0.6557377049180327, 0.1414141414141414]
[1.0, 0.7185929648241206, 0.7049180327868853, 0.30303030303030304]
[3.0, 0.8844221105527639, 0.7049180327868853, 0.2727272727272727]
[0.0, 0.49246231155778897, 0.6721311475409836, 0.15151515151515152]
[3.0, 0.6984924623115578, 0.4426229508196721, 0.0]
[1.0, 0.5477386934673367, 0.45901639344262296, 0.21212121212121213]
[0.0, 0.628140703517588, 0.7868852459016393, 0.0]
[1.0, 0.7185929648241206, 0.6885245901639344, 0.23232323232323232]
[4.0, 0.5175879396984925, 0.4918032786885246, 0.3333333333333333]
[12.0, 0.4221105527638191, 0.5901639344262295, 0.31313131313131315]
[1.0, 0.5829145728643216, 0.5737704918032787, 0.2828282828282828]
[1.0, 0.6834170854271356, 0.6065573770491803, 0.5050505050505051]
[5.0, 0.6834170854271356, 0.6885245901639344, 0.41414141414141414]
[8.0, 0.9849246231155779, 0.6229508196721312, 0.29292929292929293]
[9.0, 0.5326633165829145, 0.4262295081967213, 0.0]
[1.0, 0.48743718592964824, 0.5409836065573771, 0.15151515151515152]
[5.0, 0.6984924623115578, 0.6557377049180327, 0.35353535353535354]
[1.0, 0.457286432160804, 0.4426229508196721, 0.25252525252525254]
[4.0, 0.6633165829145728, 0.0, 0.0]
[10.0, 0.5778894472361809, 0.0, 0.0]
[1.0, 0.7236180904522613, 0.6721311475409836, 0.46464646464646464]
[6.0, 0.6733668341708543, 0.6557377049180327, 0.37373737373737376]
[2.0, 0.5628140703517588, 0.639344262295082, 0.5050505050505051]
[10.0, 0.8090452261306532, 0.5573770491803278, 0.23232323232323232]
[0.0, 0.6231155778894473, 0.5737704918032787, 0.20202020202020202]
[1.0, 0.4371859296482412, 0.5573770491803278, 0.3434343434343434]
[7.0, 0.7989949748743719, 0.5245901639344263, 0.0]
[7.0, 0.6482412060301508, 0.5573770491803278, 0.494949494949495]
[6.0, 0.7437185929648241, 0.5901639344262295, 0.35353535353535354]
[3.0, 0.542713567839196, 0.5081967213114754, 0.24242424242424243]
[2.0, 0.49748743718592964, 0.4262295081967213, 0.15151515151515152]
[2.0, 0.5628140703517588, 0.7049180327868853, 0.42424242424242425]
[0.0, 0.5125628140703518, 0.4262295081967213, 0.0]
[13.0, 0.7286432160804021, 0.6721311475409836, 0.1919191919191919]
[3.0, 0.6231155778894473, 0.6557377049180327, 0.3333333333333333]
[5.0, 0.5778894472361809, 0.8032786885245902, 0.0]
[6.0, 0.5778894472361809, 0.4918032786885246, 0.3939393939393939]
[0.0, 0.6030150753768844, 0.6065573770491803, 0.18181818181818182]
[2.0, 0.6030150753768844, 0.4426229508196721, 0.0]
[3.0, 0.4472361809045226, 0.6065573770491803, 0.16161616161616163]
[1.0, 0.5175879396984925, 0.2459016393442623, 0.3838383838383838]
[0.0, 0.507537688442211, 0.5327868852459017, 0.2828282828282828]
[0.0, 0.4723618090452261, 0.0, 0.0]
[4.0, 0.7839195979899497, 0.6147540983606558, 0.0]
[8.0, 0.47738693467336685, 0.5901639344262295, 0.0]
[7.0, 0.628140703517588, 0.7049180327868853, 0.0]
[1.0, 0.5879396984924623, 0.4918032786885246, 0.23232323232323232]
[8.0, 0.457286432160804, 0.6721311475409836, 0.0]
[1.0, 0.4271356783919598, 0.5409836065573771, 0.29292929292929293]
[12.0, 0.6080402010050251, 0.639344262295082, 0.1717171717171717]
[4.0, 0.7336683417085427, 0.6967213114754098, 0.2727272727272727]
[1.0, 0.3969849246231156, 0.6147540983606558, 0.30303030303030304]
[9.0, 0.6231155778894473, 0.5737704918032787, 0.3333333333333333]
[1.0, 0.44221105527638194, 0.2459016393442623, 0.42424242424242425]
[8.0, 0.4221105527638191, 0.6065573770491803, 0.31313131313131315]
[4.0, 0.7587939698492462, 0.7377049180327869, 0.3838383838383838]
[9.0, 0.457286432160804, 0.5573770491803278, 0.0]
[0.0, 0.9095477386934674, 0.7213114754098361, 0.4444444444444444]
[6.0, 0.628140703517588, 0.6229508196721312, 0.0]
[1.0, 0.46733668341708545, 0.5737704918032787, 0.31313131313131315]
[1.0, 0.5979899497487438, 0.36065573770491804, 0.47474747474747475]
[2.0, 0.542713567839196, 0.6557377049180327, 0.0]
[6.0, 0.5125628140703518, 0.6721311475409836, 0.0]
[2.0, 0.41708542713567837, 0.5327868852459017, 0.2828282828282828]
[1.0, 0.4623115577889447, 0.5081967213114754, 0.25252525252525254]
[4.0, 0.6180904522613065, 0.5081967213114754, 0.0]
[7.0, 0.6834170854271356, 0.6065573770491803, 0.26262626262626265]
[0.0, 0.5125628140703518, 0.7049180327868853, 0.1717171717171717]
[2.0, 0.6130653266331658, 0.6229508196721312, 0.2727272727272727]
[2.0, 0.6482412060301508, 0.6885245901639344, 0.0, 0.0]
[0.0, 0.678391959798995, 0.5573770491803278, 0.42424242424242425, 0.29550827423167847]
[5.0, 0.49748743718592964, 0.6065573770491803, 0.2727272727272727, 0.0]
[5.0, 0.5577889447236181, 0.5901639344262295, 0.2828282828282828, 0.0]
[7.0, 0.6683417085427136, 0.7213114754098361, 0.15151515151515152, 0.18321513002364065]
[1.0, 0.5728643216080402, 0.5409836065573771, 0.36363636363636365, 0.2364066193853428]
[4.0, 0.7939698492462312, 0.639344262295082, 0.0, 0.0]
[3.0, 0.5628140703517588, 0.6065573770491803, 0.30303030303030304, 0.0]
[0.0, 0.5376884422110553, 0.6229508196721312, 0.0, 0.0]
[3.0, 0.5326633165829145, 0.5901639344262295, 0.0, 0.0]
[3.0, 0.8190954773869347, 0.5737704918032787, 0.18181818181818182, 0.12411347517730496]
[6.0, 0.9195979899497487, 0.7704918032786885, 0.0, 0.0]
[3.0, 0.40703517587939697, 0.7049180327868853, 0.16161616161616163, 0.07801418439716312]
[3.0, 0.6130653266331658, 0.639344262295082, 0.0, 0.0]
[1.0, 0.40703517587939697, 0.6065573770491803, 0.41414141414141414, 0.0673758865248227]
[0.0, 0.8693467336683417, 0.639344262295082, 0.32323232323232326, 0.3132387706855792]
[2.0, 0.5025125628140703, 0.5573770491803278, 0.25252525252525254, 0.08392434988179669]
[0.0, 0.46733668341708545, 0.4918032786885246, 0.25252525252525254, 0.10874704491725769]
[10.0, 0.3417085427135678, 0.8688524590163934, 0.23232323232323232, 0.057919621749408984]
[3.0, 0.8693467336683417, 0.6721311475409836, 0.48484848484848486, 0.549645390070922]
[0.0, 0.49748743718592964, 0.0, 0.0, 0.0]
[1.0, 0.6683417085427136, 0.8360655737704918, 0.2828282828282828, 0.16548463356973994]
[1.0, 0.4824120603015075, 0.5245901639344263, 0.2727272727272727, 0.10283687943262411]
[5.0, 0.49748743718592964, 0.4426229508196721, 0.2828282828282828, 0.09810874704491726]
[13.0, 0.5326633165829145, 0.5901639344262295, 0.5454545454545454, 0.0]
[9.0, 0.5125628140703518, 0.6229508196721312, 0.37373737373737376, 0.0]
[2.0, 0.6733668341708543, 0.5737704918032787, 0.0, 0.0]
[1.0, 0.4221105527638191, 0.5245901639344263, 0.23232323232323232, 0.1359338061465721]
[7.0, 0.31155778894472363, 0.639344262295082, 0.0, 0.0]
[9.0, 0.6180904522613065, 0.5737704918032787, 0.4444444444444444, 0.1111111111111111]
[0.0, 0.47738693467336685, 0.5245901639344263, 0.3939393939393939, 0.12411347517730496]
[1.0, 0.5778894472361809, 0.5737704918032787, 0.30303030303030304, 0.11347517730496454]
[1.0, 0.4371859296482412, 0.639344262295082, 0.2727272727272727, 0.037825059101654845]
[0.0, 0.507537688442211, 0.6229508196721312, 0.0, 0.0]
[2.0, 0.5477386934673367, 0.7540983606557377, 0.0, 0.0]
[0.0, 0.6482412060301508, 0.6557377049180327, 0.0, 0.0]
[8.0, 0.8844221105527639, 0.7377049180327869, 0.3434343434343434, 0.3546099290780142]
[4.0, 0.49748743718592964, 0.5901639344262295, 0.1717171717171717, 0.0]
[4.0, 0.5879396984924623, 0.5081967213114754, 0.12121212121212122, 0.0]
[0.0, 0.47738693467336685, 0.6967213114754098, 0.25252525252525254, 0.0425531914893617]
[1.0, 0.628140703517588, 0.5737704918032787, 0.24242424242424243, 0.13002364066193853]
[2.0, 0.46733668341708545, 0.5245901639344263, 0.32323232323232326, 0.18912529550827423]
[0.0, 0.5025125628140703, 0.7213114754098361, 0.6060606060606061, 0.13002364066193853]
[2.0, 0.6532663316582915, 0.7868852459016393, 0.0, 0.0]
[4.0, 0.457286432160804, 0.5737704918032787, 0.32323232323232326, 0.10401891252955082]
[2.0, 0.4723618090452261, 0.5573770491803278, 0.18181818181818182, 0.08983451536643026]
[4.0, 0.5527638190954773, 0.7540983606557377, 0.0, 0.0]
[10.0, 0.3768844221105528, 0.6721311475409836, 0.0, 0.0]
[5.0, 0.8442211055276382, 0.5245901639344263, 0.0, 0.0]
[13.0, 0.7638190954773869, 0.7377049180327869, 0.3333333333333333, 0.034278959810874705]
[6.0, 0.4623115577889447, 0.5081967213114754, 0.32323232323232326, 0.14893617021276595]
[5.0, 0.39195979899497485, 0.39344262295081966, 0.0, 0.0]
[4.0, 0.47738693467336685, 0.5737704918032787, 0.32323232323232326, 0.0]
[7.0, 0.6683417085427136, 0.6885245901639344, 0.0, 0.0]
[14.0, 0.5025125628140703, 0.639344262295082, 0.25252525252525254, 0.21749408983451538]
[1.0, 0.6030150753768844, 0.6557377049180327, 0.48484848484848486, 0.2364066193853428]
[14.0, 0.8793969849246231, 0.5081967213114754, 0.30303030303030304, 0.0]
[4.0, 0.7738693467336684, 0.5081967213114754, 0.31313131313131315, 0.33569739952718675]
[0.0, 0.8090452261306532, 0.4098360655737705, 0.0, 0.0]
[0.0, 0.6582914572864321, 0.7213114754098361, 0.0, 0.0]
[0.0, 0.678391959798995, 0.7704918032786885, 0.46464646464646464, 0.17139479905437352]
[11.0, 0.6834170854271356, 0.6885245901639344, 0.35353535353535354, 0.1536643026004728]
[5.0, 0.5477386934673367, 0.6147540983606558, 0.26262626262626265, 0.0]
[7.0, 0.7386934673366834, 0.6229508196721312, 0.0, 0.0]
[1.0, 0.7185929648241206, 0.6065573770491803, 0.2222222222222222, 0.07210401891252956]
[1.0, 0.5376884422110553, 0.5573770491803278, 0.1919191919191919, 0.0]
[11.0, 0.6030150753768844, 0.6557377049180327, 0.37373737373737376, 0.1773049645390071]
[9.0, 0.36180904522613067, 0.639344262295082, 0.25252525252525254, 0.0]
[4.0, 0.949748743718593, 0.9016393442622951, 0.31313131313131315, 0.0]
[1.0, 0.542713567839196, 0.4918032786885246, 0.46464646464646464, 0.21040189125295508]
[8.0, 0.5025125628140703, 0.6065573770491803, 0.40404040404040403, 0.2541371158392435]
[2.0, 0.7236180904522613, 0.47540983606557374, 0.3333333333333333, 0.1595744680851064]
[3.0, 0.7939698492462312, 0.5245901639344263, 0.13131313131313133, 0.4574468085106383]
[10.0, 0.8994974874371859, 0.5737704918032787, 0.0, 0.0]
[6.0, 0.5979899497487438, 0.4098360655737705, 0.2222222222222222, 0.20803782505910165]
[4.0, 0.628140703517588, 0.5737704918032787, 0.18181818181818182, 0.14420803782505912]
[2.0, 0.4221105527638191, 0.0, 0.0, 0.0]
[10.0, 0.4723618090452261, 0.5901639344262295, 0.18181818181818182, 0.0, 0.34426229508196726]
[8.0, 0.6331658291457286, 0.6065573770491803, 0.3838383838383838, 0.08865248226950355, 0.3859910581222057]
[7.0, 0.6231155778894473, 0.5737704918032787, 0.3333333333333333, 0.2541371158392435, 0.3800298062593145]
[12.0, 0.7035175879396985, 0.6967213114754098, 0.3333333333333333, 0.0, 0.5573770491803279]
[5.0, 0.6432160804020101, 0.6557377049180327, 0.0, 0.0, 0.5156482861400895]
[1.0, 0.5628140703517588, 0.5901639344262295, 0.30303030303030304, 0.20803782505910165, 0.5126676602086438]
[8.0, 0.628140703517588, 0.7868852459016393, 0.0, 0.0, 0.0]
[3.0, 0.5125628140703518, 0.36065573770491804, 0.20202020202020202, 0.1111111111111111, 0.459016393442623]
[0.0, 0.5678391959798995, 0.6229508196721312, 0.0, 0.0, 0.496274217585693]
[2.0, 0.6130653266331658, 0.4262295081967213, 0.43434343434343436, 0.1867612293144208, 0.5394932935916543]
[2.0, 0.40703517587939697, 0.5901639344262295, 0.15151515151515152, 0.08983451536643026, 0.4485842026825634]
[0.0, 0.5226130653266332, 0.5245901639344263, 0.37373737373737376, 0.07565011820330969, 0.5007451564828614]
[10.0, 0.628140703517588, 0.5737704918032787, 0.26262626262626265, 0.1359338061465721, 0.4634873323397914]
[0.0, 0.5276381909547738, 0.6885245901639344, 0.0, 0.0, 0.4157973174366617]
[1.0, 0.5829145728643216, 0.639344262295082, 0.29292929292929293, 0.2127659574468085, 0.5380029806259315]
[1.0, 0.5628140703517588, 0.6557377049180327, 0.45454545454545453, 0.15602836879432624, 0.518628912071535]
[3.0, 0.39195979899497485, 0.4098360655737705, 0.32323232323232326, 0.10401891252955082, 0.4619970193740686]
[1.0, 0.8241206030150754, 0.6721311475409836, 0.43434343434343436, 0.07919621749408984, 0.488822652757079]
[1.0, 0.5025125628140703, 0.5901639344262295, 0.12121212121212122, 0.08274231678486997, 0.3770491803278689]
[2.0, 0.37185929648241206, 0.0, 0.0, 0.0, 0.0]
[2.0, 0.41708542713567837, 0.5409836065573771, 0.23232323232323232, 0.0591016548463357, 0.4798807749627423]
[8.0, 0.6331658291457286, 0.7213114754098361, 0.36363636363636365, 0.1276595744680851, 0.5737704918032788]
[4.0, 0.4824120603015075, 0.45901639344262296, 0.1717171717171717, 0.057919621749408984, 0.3099850968703428]
[1.0, 0.49748743718592964, 0.47540983606557374, 0.10101010101010101, 0.0, 0.37853949329359166]
[10.0, 0.6130653266331658, 0.639344262295082, 0.31313131313131315, 0.0, 0.41132637853949333]
[12.0, 0.4623115577889447, 0.5081967213114754, 0.0707070707070707, 0.3049645390070922, 0.41132637853949333]
[11.0, 0.6934673366834171, 0.6229508196721312, 0.0, 0.0, 0.4947839046199703]
[3.0, 0.4120603015075377, 0.5737704918032787, 0.0, 0.0, 0.31445603576751124]
[1.0, 1.0, 0.6229508196721312, 0.43434343434343436, 0.0, 0.639344262295082]
[7.0, 0.9396984924623115, 0.5573770491803278, 0.3939393939393939, 0.35933806146572106, 0.5618479880774964]
[3.0, 0.5829145728643216, 0.6065573770491803, 0.15151515151515152, 0.12411347517730496, 0.3919523099850969]
[1.0, 0.6432160804020101, 0.7213114754098361, 0.3939393939393939, 0.13002364066193853, 0.5439642324888228]
[1.0, 0.35678391959798994, 0.639344262295082, 0.5050505050505051, 0.05319148936170213, 0.4947839046199703]
[9.0, 0.6130653266331658, 0.45901639344262296, 0.0, 0.0, 0.496274217585693]
[2.0, 0.45226130653266333, 0.5737704918032787, 0.1717171717171717, 0.0, 0.40685543964232496]
[4.0, 0.7286432160804021, 0.6721311475409836, 0.18181818181818182, 0.0, 0.4843517138599106]
[1.0, 0.8190954773869347, 0.5901639344262295, 0.0, 0.0, 0.5812220566318927]
[1.0, 0.864321608040201, 0.5573770491803278, 0.494949494949495, 0.6843971631205674, 0.631892697466468]
[13.0, 0.7939698492462312, 0.9344262295081968, 0.0, 0.0, 0.6304023845007451]
[4.0, 0.41708542713567837, 0.7049180327868853, 0.1919191919191919, 0.0, 0.436661698956781]
[2.0, 0.5025125628140703, 0.5245901639344263, 0.23232323232323232, 0.0, 0.4426229508196722]
[8.0, 0.592964824120603, 0.5901639344262295, 0.1919191919191919, 0.0, 0.34426229508196726]
[2.0, 0.44221105527638194, 0.6065573770491803, 0.1919191919191919, 0.06264775413711583, 0.43219076005961254]
[2.0, 0.542713567839196, 0.5081967213114754, 0.10101010101010101, 0.32860520094562645, 0.3770491803278689]
[5.0, 0.5879396984924623, 0.7049180327868853, 0.30303030303030304, 0.12411347517730496, 0.5827123695976155]
[8.0, 0.6030150753768844, 0.0, 0.0, 0.0, 0.44709388971684055]
[2.0, 0.4120603015075377, 0.4262295081967213, 0.2222222222222222, 0.1359338061465721, 0.42473919523099857]
[1.0, 0.6130653266331658, 0.5245901639344263, 0.32323232323232326, 0.18439716312056736, 0.5230998509687035]
[0.0, 0.6180904522613065, 0.7213114754098361, 0.37373737373737376, 0.0, 0.5245901639344264]
[5.0, 0.9396984924623115, 0.6229508196721312, 0.2727272727272727, 0.24468085106382978, 0.6497764530551416]
[0.0, 0.33668341708542715, 0.6229508196721312, 0.0, 0.0, 0.6751117734724292]
[0.0, 0.7638190954773869, 0.6721311475409836, 0.3939393939393939, 0.3215130023640662, 0.6184798807749627]
[1.0, 0.5376884422110553, 0.5901639344262295, 0.30303030303030304, 0.09692671394799054, 0.459016393442623]
[4.0, 0.5628140703517588, 0.639344262295082, 0.40404040404040403, 0.0, 0.587183308494784]
[8.0, 0.5376884422110553, 0.6557377049180327, 0.0, 0.0, 0.3666169895678093]
[1.0, 0.5577889447236181, 0.7704918032786885, 0.0, 0.0, 0.488822652757079]
[8.0, 0.7587939698492462, 0.639344262295082, 0.32323232323232326, 0.24822695035460993, 0.639344262295082]
[9.0, 0.6733668341708543, 0.6065573770491803, 0.3333333333333333, 0.07092198581560284, 0.3859910581222057]
[4.0, 0.47738693467336685, 0.5245901639344263, 0.0, 0.0, 0.4769001490312966]
[1.0, 0.45226130653266333, 0.5573770491803278, 0.08080808080808081, 0.0, 0.3651266766020865]
[5.0, 0.4321608040201005, 0.5573770491803278, 0.2828282828282828, 0.08392434988179669, 0.45007451564828616]
[1.0, 0.6532663316582915, 0.4918032786885246, 0.23232323232323232, 0.20094562647754138, 0.4262295081967214]
[1.0, 0.6432160804020101, 0.39344262295081966, 0.45454545454545453, 0.2293144208037825, 0.6035767511177348]
[8.0, 0.8391959798994975, 0.8688524590163934, 0.46464646464646464, 0.2730496453900709, 0.5603576751117736]
[4.0, 0.5879396984924623, 0.5245901639344263, 0.2727272727272727, 0.14184397163120568, 0.4947839046199703]
[10.0, 0.507537688442211, 0.7049180327868853, 0.37373737373737376, 0.0, 0.6795827123695977]
[1.0, 0.5577889447236181, 0.7049180327868853, 0.1919191919191919, 0.0, 0.4485842026825634]
[0.0, 0.8291457286432161, 0.7377049180327869, 0.3333333333333333, 0.8037825059101655, 0.7794336810730254]
[2.0, 0.6231155778894473, 0.5573770491803278, 0.2828282828282828, 0.24231678486997635, 0.4903129657228018]
[9.0, 0.7839195979899497, 0.7049180327868853, 0.2828282828282828, 0.18321513002364065, 0.511177347242921]
[3.0, 0.9698492462311558, 0.5737704918032787, 0.31313131313131315, 0.0, 0.5201192250372578]
[6.0, 0.628140703517588, 0.5573770491803278, 0.30303030303030304, 0.14184397163120568, 0.44709388971684055]
[2.0, 0.45226130653266333, 0.4918032786885246, 0.0, 0.0, 0.35022354694485847]
[1.0, 0.8693467336683417, 0.6065573770491803, 0.0, 0.0, 0.5484351713859911]
[8.0, 0.5025125628140703, 0.6229508196721312, 0.0, 0.0, 0.5767511177347244]
[3.0, 0.49748743718592964, 0.4426229508196721, 0.1919191919191919, 0.1016548463356974, 0.3815201192250373]
[5.0, 0.8341708542713567, 0.5901639344262295, 0.1919191919191919, 0.20685579196217493, 0.3845007451564829]
[6.0, 0.5728643216080402, 0.7213114754098361, 0.0, 0.0, 0.41430700447093893, 0.07216054654141758]
[1.0, 0.6130653266331658, 0.7377049180327869, 0.5151515151515151, 0.26004728132387706, 0.7406855439642326, 0.10546541417591801]
[0.0, 0.6331658291457286, 0.6885245901639344, 0.29292929292929293, 0.2541371158392435, 0.4575260804769002, 0.18872758326216907]
[2.0, 0.8743718592964824, 0.7213114754098361, 0.37373737373737376, 0.14184397163120568, 0.6631892697466468, 0.24252775405636207]
[2.0, 0.7085427135678392, 0.47540983606557374, 0.3434343434343434, 0.15130023640661938, 0.37853949329359166, 0.2651579846285227]
[6.0, 0.7738693467336684, 0.6065573770491803, 0.32323232323232326, 0.2281323877068558, 0.436661698956781, 0.324935952177626]
[0.0, 0.6231155778894473, 0.45901639344262296, 0.13131313131313133, 0.12411347517730496, 0.3248882265275708, 0.1596925704526046]
[4.0, 0.592964824120603, 0.5737704918032787, 0.0, 0.0, 0.6631892697466468, 0.35269000853970967]
[8.0, 0.7738693467336684, 0.639344262295082, 0.32323232323232326, 0.0, 0.4828614008941878, 0.15584970111016222]
[1.0, 0.36683417085427134, 0.4098360655737705, 0.10101010101010101, 0.0, 0.34277198211624443, 0.07258753202391117]
[0.0, 0.5226130653266332, 0.6229508196721312, 0.0, 0.0, 0.27421758569299554, 0.21520068317677202]
[0.0, 0.6582914572864321, 0.5409836065573771, 0.40404040404040403, 0.0, 0.511177347242921, 0.05038428693424424]
[6.0, 0.457286432160804, 0.0, 0.0, 0.0, 0.444113263785395, 0.18061485909479078]
[1.0, 0.6432160804020101, 0.6721311475409836, 0.1717171717171717, 0.21631205673758866, 0.4098360655737705, 0.015798462852263023]
[1.0, 0.678391959798995, 0.4426229508196721, 0.0, 0.0, 0.3979135618479881, 0.26003415883859954]
[3.0, 0.45226130653266333, 0.639344262295082, 0.0, 0.0, 0.6363636363636365, 0.20538001707941927]
[5.0, 0.7236180904522613, 0.6721311475409836, 0.26262626262626265, 0.33687943262411346, 0.4769001490312966, 0.1596925704526046]
[8.0, 0.5276381909547738, 0.819672131147541, 0.36363636363636365, 0.0, 0.6453055141579732, 0.06874466268146882]
[0.0, 0.6884422110552764, 0.6885245901639344, 0.2727272727272727, 0.0, 0.40685543964232496, 0.06532877882152008]
[0.0, 0.46733668341708545, 0.4918032786885246, 0.0, 0.0, 0.526080476900149, 0.07899231426131512]
[4.0, 0.49748743718592964, 0.5573770491803278, 0.3838383838383838, 0.0, 0.488822652757079, 0.028608027327070875]
[1.0, 0.592964824120603, 0.47540983606557374, 0.36363636363636365, 0.1111111111111111, 0.496274217585693, 0.07813834329632792]
[3.0, 0.5778894472361809, 0.5409836065573771, 0.3939393939393939, 0.16548463356973994, 0.5678092399403876, 0.030742954739538853]
[7.0, 0.40703517587939697, 0.639344262295082, 0.40404040404040403, 0.05673758865248227, 0.6959761549925485, 0.07813834329632792]
[9.0, 0.7286432160804021, 0.7213114754098361, 0.3434343434343434, 0.1950354609929078, 0.451564828614009, 0.29590093936806144]
[6.0, 0.9748743718592965, 0.639344262295082, 0.0, 0.0, 0.35022354694485847, 0.021776259607173356]
[6.0, 0.6180904522613065, 0.5901639344262295, 0.45454545454545453, 0.2718676122931442, 0.5007451564828614, 0.27967549103330486]
[12.0, 0.7035175879396985, 0.6721311475409836, 0.43434343434343436, 0.38416075650118203, 0.5842026825633384, 0.19214346712211786]
[5.0, 0.6331658291457286, 0.639344262295082, 0.2727272727272727, 0.026004728132387706, 0.4411326378539494, 0.15414175918018785]
[0.0, 0.6080402010050251, 0.5409836065573771, 0.30303030303030304, 0.1950354609929078, 0.511177347242921, 0.0533731853116994]
[5.0, 0.5879396984924623, 0.7540983606557377, 0.0, 0.0, 0.5081967213114754, 0.11058923996584116]
[1.0, 0.5175879396984925, 0.6557377049180327, 0.1111111111111111, 0.09692671394799054, 0.28912071535022354, 0.1763450042698548]
[2.0, 0.40703517587939697, 0.4918032786885246, 0.2222222222222222, 0.0, 0.4128166915052161, 0.09052092228864217]
[3.0, 0.914572864321608, 0.6065573770491803, 0.0, 0.0, 0.4545454545454546, 0.11400512382578991]
[0.0, 0.9045226130653267, 0.7377049180327869, 0.26262626262626265, 0.10638297872340426, 0.5439642324888228, 0.10076857386848846]
[8.0, 0.7185929648241206, 0.5409836065573771, 0.0, 0.0, 0.5201192250372578, 0.021776259607173356]
[13.0, 0.5326633165829145, 0.5737704918032787, 0.0, 0.0, 0.5096870342771983, 0.07386848847139196]
[10.0, 0.6482412060301508, 0.5081967213114754, 0.36363636363636365, 0.0, 0.6140089418777944, 0.15499573014517506]
[1.0, 0.457286432160804, 0.5245901639344263, 0.24242424242424243, 0.0, 0.43517138599105815, 0.04867634500426986]
[2.0, 0.5577889447236181, 0.4918032786885246, 0.0, 0.0, 0.3904619970193741, 0.11315115286080271]
[1.0, 0.9045226130653267, 0.0, 0.0, 0.0, 0.6453055141579732, 0.08710503842869341]
[7.0, 0.8994974874371859, 0.7786885245901639, 0.31313131313131315, 0.0, 0.5096870342771983, 0.03672075149444918]
[0.0, 0.5577889447236181, 0.5327868852459017, 0.0, 0.0, 0.3666169895678093, 0.24850555081127243]
[2.0, 0.3417085427135678, 0.5737704918032787, 0.32323232323232326, 0.07801418439716312, 0.37257824143070045, 0.04654141759180188]
[5.0, 0.6180904522613065, 0.6065573770491803, 0.40404040404040403, 0.09101654846335698, 0.5081967213114754, 0.08155422715627667]
[6.0, 0.7386934673366834, 0.6557377049180327, 0.0, 0.0, 0.4396423248882266, 0.04269854824935953]
[6.0, 0.4020100502512563, 0.6557377049180327, 0.36363636363636365, 0.0, 0.5931445603576752, 0.042271562766865924]
[7.0, 0.4723618090452261, 0.5245901639344263, 0.25252525252525254, 0.0933806146572104, 0.496274217585693, 0.28181041844577287]
[11.0, 0.6381909547738693, 0.8688524590163934, 0.0, 0.0, 0.5812220566318927, 0.04782237403928266]
[2.0, 0.457286432160804, 0.5081967213114754, 0.0, 0.0, 0.40685543964232496, 0.19086251067463705]
[1.0, 0.0, 0.6065573770491803, 0.20202020202020202, 0.027186761229314422, 0.4128166915052161, 0.09436379163108453]
[0.0, 0.7085427135678392, 0.6885245901639344, 0.26262626262626265, 0.0, 0.4828614008941878, 0.15157984628522628]
[3.0, 0.5025125628140703, 0.5573770491803278, 0.23232323232323232, 0.09574468085106383, 0.4709388971684054, 0.37190435525192145]
[1.0, 0.6331658291457286, 0.4918032786885246, 0.0, 0.0, 0.4485842026825634, 0.11571306575576429]
[6.0, 0.49748743718592964, 0.4918032786885246, 0.1919191919191919, 0.06382978723404255, 0.4008941877794337, 0.1789069171648164]
[5.0, 0.5728643216080402, 0.6065573770491803, 0.0, 0.0, 0.3710879284649777, 0.2843723313407345]
[0.0, 0.592964824120603, 0.5245901639344263, 0.23232323232323232, 0.10520094562647754, 0.0, 0.7058070025619128]
[2.0, 0.7336683417085427, 0.5737704918032787, 0.3838383838383838, 0.425531914893617, 0.41728763040238454, 0.11058923996584116]
[9.0, 0.7839195979899497, 0.7049180327868853, 0.0, 0.0, 0.3695976154992549, 0.06490179333902649]
[6.0, 0.5879396984924623, 0.7868852459016393, 0.0, 0.0, 0.4277198211624441, 0.033731853116994025]
[0.0, 0.5728643216080402, 0.6557377049180327, 0.3434343434343434, 0.33687943262411346, 0.6587183308494785, 0.03800170794192997]
[3.0, 0.6080402010050251, 0.4262295081967213, 0.0, 0.0, 0.5365126676602087, 0.020922288642186166]
[2.0, 0.6130653266331658, 0.4918032786885246, 0.18181818181818182, 0.12529550827423167, 0.444113263785395, 0.2728437233134074]
[7.0, 0.41708542713567837, 0.639344262295082, 0.26262626262626265, 0.08392434988179669, 0.436661698956781, 0.29419299743808713]
[0.0, 0.5879396984924623, 0.6557377049180327, 0.31313131313131315, 0.06264775413711583, 0.6736214605067065, 0.004696840307429551]
[1.0, 0.5025125628140703, 0.6065573770491803, 0.12121212121212122, 0.054373522458628844, 0.2906110283159464, 0.030315969257045258]
[2.0, 0.542713567839196, 0.4262295081967213, 0.26262626262626265, 0.07446808510638298, 0.4843517138599106, 0.10247651579846284]
[3.0, 0.9396984924623115, 0.5737704918032787, 0.2222222222222222, 0.2364066193853428, 0.5424739195230999, 0.1409052092228864]
[6.0, 0.4623115577889447, 0.7540983606557377, 0.0, 0.0, 0.2965722801788376, 0.04696840307429547]
[4.0, 0.6030150753768844, 0.5573770491803278, 0.0, 0.0, 0.4411326378539494, 0.2694278394534586]
[6.0, 0.4371859296482412, 0.6557377049180327, 0.0, 0.0, 0.34575260804769004, 0.0025619128949615736]
[3.0, 0.4020100502512563, 0.6721311475409836, 0.31313131313131315, 0.08274231678486997, 0.5096870342771983, 0.5183603757472245]
[4.0, 0.5527638190954773, 0.6229508196721312, 0.20202020202020202, 0.1182033096926714, 0.42324888226527574, 0.01707941929974381]
[8.0, 0.5527638190954773, 0.6229508196721312, 0.0, 0.0, 0.41430700447093893, 0.06789069171648163]
[1.0, 0.47738693467336685, 0.4918032786885246, 0.18181818181818182, 0.06855791962174941, 0.3561847988077496, 0.07771135781383433]
[3.0, 0.6030150753768844, 0.5737704918032787, 0.30303030303030304, 0.1595744680851064, 0.639344262295082, 0.1596925704526046]
[1.0, 0.5477386934673367, 0.4918032786885246, 0.08080808080808081, 0.21513002364066194, 0.37853949329359166, 0.37105038428693426]
[12.0, 0.5025125628140703, 0.6885245901639344, 0.3333333333333333, 0.12411347517730496, 0.44709388971684055, 0.17506404782237403, 46.0]
[3.0, 0.6180904522613065, 0.819672131147541, 0.35353535353535354, 0.28368794326241137, 0.8539493293591655, 0.34244235695986336, 22.0]
[2.0, 0.7889447236180904, 0.6065573770491803, 0.35353535353535354, 0.5200945626477541, 0.587183308494784, 0.023911187019641334, 30.0]
[1.0, 0.4472361809045226, 0.19672131147540983, 0.1919191919191919, 0.02955082742316785, 0.41430700447093893, 0.20538001707941927, 21.0]
[1.0, 0.46733668341708545, 0.45901639344262296, 0.1111111111111111, 0.0, 0.33532041728763046, 0.14474807856532879, 22.0]
[5.0, 0.44221105527638194, 0.639344262295082, 0.30303030303030304, 0.0, 0.41132637853949333, 0.07685738684884713, 37.0]
[8.0, 0.9748743718592965, 0.6557377049180327, 0.0, 0.0, 0.38897168405365135, 0.20196413321947054, 67.0]
[2.0, 0.7939698492462312, 0.7377049180327869, 0.0, 0.0, 0.4709388971684054, 0.3104184457728438, 66.0]
[1.0, 0.8442211055276382, 0.7213114754098361, 0.29292929292929293, 0.0, 0.5216095380029807, 0.35311699402220326, 52.0]
[3.0, 0.8693467336683417, 0.6885245901639344, 0.3333333333333333, 0.5602836879432624, 0.5320417287630403, 0.07685738684884713, 22.0]
[1.0, 0.48743718592964824, 0.5573770491803278, 0.21212121212121213, 0.0, 0.4053651266766021, 0.4342442356959863, 22.0]
[4.0, 0.6733668341708543, 0.5901639344262295, 0.0, 0.0, 0.35469448584202684, 0.08497011101622542, 60.0]
[6.0, 0.5376884422110553, 0.7213114754098361, 0.0, 0.0, 0.5484351713859911, 0.2771135781383433, 31.0]
[0.0, 0.9045226130653267, 0.639344262295082, 0.6363636363636364, 0.016548463356973995, 0.8852459016393444, 1.0, 25.0]
[1.0, 0.542713567839196, 0.7213114754098361, 0.1919191919191919, 0.0, 0.40387481371087935, 0.13748932536293765, 24.0]
[6.0, 0.5175879396984925, 0.5409836065573771, 0.0, 0.0, 0.3621460506706409, 0.07301451750640478, 29.0]
[2.0, 0.6080402010050251, 0.5737704918032787, 0.32323232323232326, 0.11229314420803782, 0.5827123695976155, 0.3450042698548249, 23.0]
[9.0, 0.9246231155778895, 0.6967213114754098, 0.15151515151515152, 0.0, 0.44709388971684055, 0.48462852263023054, 49.0]
[0.0, 0.6884422110552764, 0.5737704918032787, 0.3838383838383838, 0.0, 0.4947839046199703, 0.03928266438941076, 22.0]
[3.0, 0.8492462311557789, 0.6065573770491803, 0.1919191919191919, 0.14775413711583923, 0.4456035767511177, 0.08112724167378309, 31.0]
[1.0, 0.6984924623115578, 0.5081967213114754, 0.41414141414141414, 0.5673758865248227, 0.6065573770491804, 0.19555935098206662, 21.0]
[3.0, 0.5678391959798995, 0.4098360655737705, 0.10101010101010101, 0.10047281323877069, 0.4396423248882266, 0.23398804440649018, 25.0]
[9.0, 0.6030150753768844, 0.5901639344262295, 0.2222222222222222, 0.06619385342789598, 0.3099850968703428, 0.27967549103330486, 48.0]
[2.0, 0.542713567839196, 0.5245901639344263, 0.0, 0.0, 0.459016393442623, 0.034158838599487616, 21.0]
[0.0, 0.9447236180904522, 0.6721311475409836, 0.1414141414141414, 0.2186761229314421, 0.4769001490312966, 0.2578992314261315, 22.0]
[1.0, 0.5276381909547738, 0.47540983606557374, 0.0, 0.0, 0.3621460506706409, 0.04654141759180188, 21.0]
[6.0, 0.5175879396984925, 0.5901639344262295, 0.32323232323232326, 0.22458628841607564, 0.5618479880774964, 0.10503842869342442, 55.0]
[0.0, 0.36683417085427134, 0.0, 0.0, 0.0, 0.31445603576751124, 0.11272416737830913, 25.0]
[13.0, 0.5226130653266332, 0.5901639344262295, 0.0, 0.0, 0.46497764530551416, 0.16524338172502134, 38.0]
[2.0, 0.9899497487437185, 0.5737704918032787, 0.45454545454545453, 0.6418439716312057, 0.4545454545454546, 0.034158838599487616, 53.0]
[3.0, 0.5577889447236181, 0.47540983606557374, 0.31313131313131315, 0.05200945626477541, 0.4396423248882266, 0.1502988898377455, 22.0]
[2.0, 0.4723618090452261, 0.6229508196721312, 0.18181818181818182, 0.07801418439716312, 0.4709388971684054, 0.2438087105038429, 23.0]
[1.0, 0.4321608040201005, 0.5409836065573771, 0.5252525252525253, 0.0768321513002364, 0.6154992548435172, 0.3582408198121264, 29.0]
[1.0, 0.4120603015075377, 0.5245901639344263, 0.13131313131313133, 0.11229314420803782, 0.315946348733234, 0.14389410760034158, 23.0]
[11.0, 0.7788944723618091, 0.6229508196721312, 0.2828282828282828, 0.1773049645390071, 0.496274217585693, 0.544406490179334, 51.0]
[0.0, 0.4221105527638191, 0.6721311475409836, 0.31313131313131315, 0.14775413711583923, 0.5692995529061103, 0.06618274978650726, 23.0]
[1.0, 0.5025125628140703, 0.5409836065573771, 0.15151515151515152, 0.06619385342789598, 0.3517138599105813, 0.25106746370623395, 26.0]
[0.0, 0.46733668341708545, 0.819672131147541, 0.3939393939393939, 0.0851063829787234, 0.646795827123696, 0.40264730999146026, 35.0]
[1.0, 0.5879396984924623, 0.7213114754098361, 0.24242424242424243, 0.17139479905437352, 0.5141579731743666, 0.13877028181041842, 40.0]
[0.0, 0.6582914572864321, 0.0, 0.0, 0.0, 0.6438152011922504, 0.08198121263877028, 26.0]
[0.0, 0.7587939698492462, 0.7377049180327869, 0.46464646464646464, 0.0, 0.6274217585692996, 0.12510674637062338, 21.0]
[9.0, 0.8291457286432161, 0.7213114754098361, 0.0, 0.0, 0.45305514157973176, 0.09564474807856531, 49.0]
[8.0, 0.6683417085427136, 0.5901639344262295, 0.0, 0.0, 0.4903129657228018, 0.08198121263877028, 39.0]
[0.0, 0.628140703517588, 0.5573770491803278, 0.0, 0.0, 0.3681073025335321, 0.05465414175918019, 21.0]
[10.0, 0.5577889447236181, 0.5737704918032787, 0.2727272727272727, 0.0, 0.4098360655737705, 0.026900085397096492, 40.0]
[12.0, 0.44221105527638194, 0.6065573770491803, 0.40404040404040403, 0.06382978723404255, 0.526080476900149, 0.12809564474807852, 48.0]
[3.0, 0.5577889447236181, 0.7377049180327869, 0.12121212121212122, 0.09219858156028368, 0.42324888226527574, 0.1780529461998292, 29.0]
[7.0, 0.5326633165829145, 0.7540983606557377, 0.18181818181818182, 0.0, 0.338301043219076, 0.06703672075149443, 48.0]
[10.0, 0.6130653266331658, 0.5573770491803278, 0.0, 0.0, 0.46497764530551416, 0.07685738684884713, 41.0]
[8.0, 0.4271356783919598, 0.45081967213114754, 0.20202020202020202, 0.0, 0.36363636363636365, 0.024765157984628527, 42.0]
[2.0, 0.4221105527638191, 0.4098360655737705, 0.23232323232323232, 0.08983451536643026, 0.45305514157973176, 0.38001707941929974, 21.0]
[2.0, 0.5276381909547738, 0.47540983606557374, 0.40404040404040403, 0.1111111111111111, 0.5201192250372578, 0.0627668659265585, 25.0]
[5.0, 0.949748743718593, 0.5245901639344263, 0.3333333333333333, 0.38416075650118203, 0.46497764530551416, 0.21562766865926558, 29.0]
[0.0, 0.6482412060301508, 0.9016393442622951, 0.46464646464646464, 0.1536643026004728, 1.0, 0.10290350128095645, 26.0]
[12.0, 0.5326633165829145, 0.6557377049180327, 0.0, 0.0, 0.3517138599105813, 0.02519214346712211, 44.0]
[10.0, 0.6683417085427136, 0.5573770491803278, 0.0, 0.0, 0.4023845007451565, 0.07130657557643039, 36.0]
[2.0, 0.5125628140703518, 0.7049180327868853, 0.36363636363636365, 0.14184397163120568, 0.6780923994038749, 0.020922288642186166, 23.0]
[2.0, 0.5326633165829145, 0.45901639344262296, 0.2727272727272727, 0.1950354609929078, 0.43219076005961254, 0.1485909479077711, 22.0]
[6.0, 0.5125628140703518, 0.7377049180327869, 0.3939393939393939, 0.0, 0.5320417287630403, 0.2544833475661828, 28.0]
[7.0, 0.9748743718592965, 0.5573770491803278, 0.2828282828282828, 0.0, 0.5350223546944859, 0.284799316823228, 41.0]
[9.0, 0.5979899497487438, 0.6557377049180327, 0.35353535353535354, 0.0, 0.43219076005961254, 0.07899231426131512, 29.0]
[8.0, 0.9899497487437185, 0.6065573770491803, 0.0, 0.0, 0.3859910581222057, 0.47523484201537136, 39.0]
[8.0, 0.7788944723618091, 0.5081967213114754, 0.26262626262626265, 0.5851063829787234, 0.5067064083457526, 0.19854824935952173, 46.0]
[4.0, 0.7386934673366834, 0.6065573770491803, 0.25252525252525254, 0.3463356973995272, 0.5201192250372578, 0.13108454312553372, 30.0]
[2.0, 0.4371859296482412, 0.0, 0.23232323232323232, 0.0, 0.4307004470938897, 0.2967549103330487, 25.0]
[9.0, 0.6532663316582915, 0.5737704918032787, 0.0, 0.0, 0.5096870342771983, 0.24508966695132367, 45.0]
[7.0, 0.5728643216080402, 0.5245901639344263, 0.0, 0.0, 0.40834575260804773, 0.27924850555081127, 34.0]
[10.0, 0.542713567839196, 0.5409836065573771, 0.0, 0.0, 0.4828614008941878, 0.08283518360375747, 42.0]
[4.0, 0.7236180904522613, 0.47540983606557374, 0.2828282828282828, 0.16548463356973994, 0.4396423248882266, 0.08923996584116138, 37.0]
[5.0, 0.44221105527638194, 0.5409836065573771, 0.21212121212121213, 0.027186761229314422, 0.36363636363636365, 0.11272416737830913, 30.0]
[3.0, 0.6532663316582915, 0.639344262295082, 0.23232323232323232, 0.0933806146572104, 0.42324888226527574, 0.1046114432109308, 34.0]
[2.0, 0.5628140703517588, 0.5573770491803278, 0.2222222222222222, 0.1111111111111111, 0.5081967213114754, 0.10119555935098205, 26.0]
[3.0, 0.7537688442211056, 0.6229508196721312, 0.0, 0.0, 0.3129657228017884, 0.055081127241673786, 37.0]
[2.0, 0.6130653266331658, 0.5737704918032787, 0.2727272727272727, 0.0, 0.5484351713859911, 0.11187019641332195, 27.0]
[1.0, 0.4472361809045226, 0.5409836065573771, 0.23232323232323232, 0.1111111111111111, 0.41877794336810736, 0.03800170794192997, 21.0]
[8.0, 0.6231155778894473, 0.6229508196721312, 0.24242424242424243, 0.7092198581560284, 0.4277198211624441, 0.26003415883859954, 52.0]
[3.0, 0.6482412060301508, 0.5245901639344263, 0.29292929292929293, 0.1359338061465721, 0.39344262295081966, 0.060204953031596904, 28.0]
[8.0, 0.37185929648241206, 0.5737704918032787, 0.40404040404040403, 0.057919621749408984, 0.526080476900149, 0.2677198975234842, 39.0]
[0.0, 0.7386934673366834, 0.6967213114754098, 0.5454545454545454, 0.0, 0.6378539493293591, 0.12681468830059778, 24.0]
[1.0, 0.47738693467336685, 0.6065573770491803, 0.21212121212121213, 0.08628841607565012, 0.3859910581222057, 0.25405636208368915, 36.0]
[0.0, 0.7336683417085427, 0.5737704918032787, 0.0, 0.0, 0.5648286140089419, 0.10930828351836035, 28.0]
[7.0, 0.6834170854271356, 0.7377049180327869, 0.0, 0.0, 0.4456035767511177, 0.05636208368915457, 50.0]
[3.0, 0.5577889447236181, 0.5081967213114754, 0.0, 0.0, 0.33681073025335323, 0.027327070879590087, 21.0]
[8.0, 0.9195979899497487, 0.5245901639344263, 0.0, 0.0, 0.34724292101341286, 0.2536293766011956, 32.0]
[2.0, 0.6482412060301508, 0.6065573770491803, 0.26262626262626265, 0.24231678486997635, 0.4947839046199703, 0.21904355251921434, 25.0]
[6.0, 0.7738693467336684, 0.639344262295082, 0.41414141414141414, 0.16548463356973994, 0.6870342771982118, 0.21050384286934246, 27.0]
[12.0, 0.7587939698492462, 0.5737704918032787, 0.40404040404040403, 0.3203309692671395, 0.6229508196721312, 0.28351836037574724, 38.0]
[3.0, 0.6633165829145728, 0.6557377049180327, 0.0, 0.0, 0.5126676602086438, 0.13834329632792486, 44.0]
[15.0, 0.6834170854271356, 0.5737704918032787, 0.32323232323232326, 0.13002364066193853, 0.5529061102831595, 0.03202391118701964, 43.0]
[1.0, 0.5979899497487438, 0.4426229508196721, 0.13131313131313133, 0.0591016548463357, 0.33233979135618485, 0.05422715627668659, 24.0]
[2.0, 0.5728643216080402, 0.5573770491803278, 0.2222222222222222, 0.0, 0.4277198211624441, 0.005977796754910332, 25.0]
[5.0, 0.3869346733668342, 0.6721311475409836, 0.41414141414141414, 0.04964539007092199, 0.533532041728763, 0.033304867634500426, 35.0]
[4.0, 0.5728643216080402, 0.5327868852459017, 0.0, 0.0, 0.3263785394932936, 0.1511528608027327, 37.0]
[0.0, 0.8994974874371859, 0.7377049180327869, 0.2727272727272727, 0.0, 0.6572280178837556, 0.2596071733561059, 23.0]
[1.0, 0.4472361809045226, 0.6229508196721312, 0.3434343434343434, 0.04373522458628842, 0.46497764530551416, 0.04867634500426986, 23.0]
[0.0, 0.5979899497487438, 0.5409836065573771, 0.2727272727272727, 0.0, 0.5782414307004471, 0.07728437233134072, 22.0]
[2.0, 0.5376884422110553, 0.6065573770491803, 0.30303030303030304, 0.1182033096926714, 0.5007451564828614, 0.139197267292912, 23.0]
[6.0, 0.628140703517588, 0.639344262295082, 0.31313131313131315, 0.0, 0.41132637853949333, 0.20794192997438082, 49.0]
[7.0, 0.9849246231155779, 0.7377049180327869, 0.0, 0.0, 0.5931445603576752, 0.159265584970111, 41.0]
[3.0, 0.5678391959798995, 0.36065573770491804, 0.13131313131313133, 0.0, 0.33383010432190763, 0.026473099914602907, 22.0]
[6.0, 0.6482412060301508, 0.7377049180327869, 0.0707070707070707, 0.38534278959810875, 0.2921013412816692, 0.21520068317677202, 60.0]
[5.0, 0.36683417085427134, 0.4918032786885246, 0.0, 0.0, 0.3994038748137109, 0.08112724167378309, 27.0]
[10.0, 0.6984924623115578, 0.6557377049180327, 0.0, 0.0, 0.40387481371087935, 0.5819812126387701, 57.0]
[0.0, 0.7085427135678392, 0.0, 0.0, 0.0, 0.631892697466468, 0.05422715627668659, 29.0]
[1.0, 0.5326633165829145, 0.6229508196721312, 0.0, 0.0, 0.5588673621460507, 0.05081127241673782, 26.0]
[6.0, 0.542713567839196, 0.36065573770491804, 0.20202020202020202, 0.1536643026004728, 0.35767511177347244, 0.31383432963279245, 35.0]
[4.0, 0.4623115577889447, 0.6557377049180327, 0.0, 0.0, 0.6289120715350225, 0.06789069171648163, 29.0]
[0.0, 0.6331658291457286, 0.7049180327868853, 0.2727272727272727, 0.14184397163120568, 0.40834575260804773, 0.1865926558497011, 21.0]
[0.0, 0.5276381909547738, 0.5573770491803278, 0.2222222222222222, 0.0, 0.2980625931445604, 0.06746370623398805, 22.0]
[10.0, 0.5778894472361809, 0.0, 0.0, 0.0, 0.0, 0.07813834329632792, 30.0]
[4.0, 0.5728643216080402, 0.5245901639344263, 0.0, 0.0, 0.4307004470938897, 0.02049530315969257, 24.0]
[1.0, 0.7236180904522613, 0.6721311475409836, 0.40404040404040403, 0.0, 0.6154992548435172, 0.22587532023911186, 28.0]
[5.0, 0.5226130653266332, 0.6065573770491803, 0.0, 0.0, 0.42921013412816694, 0.03202391118701964, 48.0]
[3.0, 0.6482412060301508, 0.7540983606557377, 0.494949494949495, 0.18321513002364065, 0.5424739195230999, 0.38001707941929974, 32.0]
[1.0, 0.5326633165829145, 0.5737704918032787, 0.2828282828282828, 0.1595744680851064, 0.5096870342771983, 0.027327070879590087, 22.0]
[1.0, 0.6532663316582915, 0.5737704918032787, 0.13131313131313133, 0.12411347517730496, 0.3859910581222057, 0.1682322801024765, 22.0]
[4.0, 0.4723618090452261, 0.5327868852459017, 0.2222222222222222, 0.0, 0.3681073025335321, 0.029888983774551674, 21.0]
[1.0, 0.5025125628140703, 0.5409836065573771, 0.29292929292929293, 0.23167848699763594, 0.4769001490312966, 0.15627668659265584, 42.0]
[6.0, 0.5226130653266332, 0.6065573770491803, 0.18181818181818182, 0.18439716312056736, 0.4456035767511177, 0.2749786507258753, 41.0]
[0.0, 0.5879396984924623, 0.0, 0.0, 0.0, 0.503725782414307, 0.36464560204953034, 44.0]
[0.0, 0.48743718592964824, 0.5245901639344263, 0.36363636363636365, 0.1182033096926714, 0.5484351713859911, 0.2228864218616567, 25.0]
[8.0, 0.6030150753768844, 0.7049180327868853, 0.0, 0.0, 0.42324888226527574, 0.07728437233134072, 22.0]
[4.0, 0.5577889447236181, 0.5901639344262295, 0.47474747474747475, 0.24468085106382978, 0.5529061102831595, 0.5602049530315968, 56.0]
[5.0, 0.47738693467336685, 0.5901639344262295, 0.3333333333333333, 0.0, 0.5618479880774964, 0.12467976088812979, 27.0]
[0.0, 0.5326633165829145, 0.5737704918032787, 0.37373737373737376, 0.17494089834515367, 0.587183308494784, 0.22502134927412468, 22.0]
[4.0, 0.7236180904522613, 0.6721311475409836, 0.32323232323232326, 0.0, 0.5737704918032788, 0.2032450896669513, 37.0]
[8.0, 0.49748743718592964, 0.6885245901639344, 0.0, 0.0, 0.5275707898658718, 0.1323654995730145, 50.0]
[3.0, 0.6432160804020101, 0.5901639344262295, 0.25252525252525254, 0.22458628841607564, 0.4828614008941878, 0.2011101622544833, 27.0]
[0.0, 0.5979899497487438, 0.5245901639344263, 0.18181818181818182, 0.10874704491725769, 0.5201192250372578, 0.2762596071733561, 23.0]
[3.0, 0.37185929648241206, 0.5573770491803278, 0.2828282828282828, 0.05319148936170213, 0.4426229508196722, 0.09180187873612296, 23.0]
[5.0, 0.5175879396984925, 0.8852459016393442, 0.37373737373737376, 0.0, 0.5842026825633384, 0.0969257045260461, 65.0]
[4.0, 0.49748743718592964, 0.6229508196721312, 0.15151515151515152, 0.06028368794326241, 0.34575260804769004, 0.06191289496157131, 21.0]
[5.0, 0.6984924623115578, 0.5245901639344263, 0.35353535353535354, 0.16548463356973994, 0.4262295081967214, 0.1421861656703672, 26.0]
[6.0, 0.4824120603015075, 0.0, 0.0, 0.0, 0.35320417287630407, 0.04782237403928266, 28.0]
[5.0, 0.5778894472361809, 0.6229508196721312, 0.0, 0.0, 0.46497764530551416, 0.11315115286080271, 44.0]
[1.0, 0.6231155778894473, 0.4918032786885246, 0.32323232323232326, 0.0, 0.533532041728763, 0.18616567036720752, 21.0]
[3.0, 0.7085427135678392, 0.0, 0.0, 0.0, 0.44709388971684055, 0.2916310845431255, 27.0]
[7.0, 0.5125628140703518, 0.6065573770491803, 0.40404040404040403, 0.12411347517730496, 0.5543964232488824, 0.053800170794193, 45.0]
[4.0, 0.7135678391959799, 0.7049180327868853, 0.0, 0.0, 0.6557377049180328, 0.2421007685738685, 22.0]
[6.0, 0.4020100502512563, 0.5409836065573771, 0.30303030303030304, 0.0, 0.3904619970193741, 0.10034158838599487, 41.0]
[6.0, 0.46733668341708545, 0.4098360655737705, 0.30303030303030304, 0.07565011820330969, 0.4277198211624441, 0.11870196413321947, 23.0]
[9.0, 0.5628140703517588, 0.6721311475409836, 0.24242424242424243, 0.0, 0.42026825633383014, 0.5140905209222885, 50.0]
[1.0, 0.7889447236180904, 0.5901639344262295, 0.21212121212121213, 0.19858156028368795, 0.3815201192250373, 0.01921434671221179, 24.0]
[7.0, 0.5477386934673367, 0.6557377049180327, 0.31313131313131315, 0.0, 0.5350223546944859, 0.44790777113578134, 43.0]
[1.0, 0.3869346733668342, 0.45901639344262296, 0.30303030303030304, 0.06619385342789598, 0.496274217585693, 0.5008539709649871, 24.0]
[2.0, 0.45226130653266333, 0.5573770491803278, 0.42424242424242425, 0.0, 0.5692995529061103, 0.18146883005977796, 27.0]
[2.0, 0.507537688442211, 0.47540983606557374, 0.35353535353535354, 0.10638297872340426, 0.3248882265275708, 0.03287788215200683, 22.0]
[5.0, 0.7939698492462312, 0.6885245901639344, 0.41414141414141414, 0.24822695035460993, 0.587183308494784, 0.1353543979504697, 29.0]
[7.0, 0.8090452261306532, 0.7049180327868853, 0.0, 0.0, 0.45305514157973176, 0.037147736976942784, 47.0]
[5.0, 0.5829145728643216, 0.6065573770491803, 0.0, 0.0, 0.3815201192250373, 0.052519214346712216, 30.0]
[2.0, 0.542713567839196, 0.5081967213114754, 0.32323232323232326, 0.06619385342789598, 0.37555886736214605, 0.02134927412467976, 21.0]
[2.0, 0.7336683417085427, 0.0, 0.0, 0.0, 0.4098360655737705, 0.06917164816396242, 28.0]