[6.0]
[8.0]
[0.0]
[3.0]
[2.0]
[8.0]
[10.0]
[1.0]
[5.0]
[7.0]
[0.0]
[7.0]
[1.0]
[7.0]
[9.0]
[11.0]
[10.0]
[7.0]
[3.0]
[9.0]
[2.0]
[4.0]
[9.0]
[0.0]
[7.0]
[8.0]
[7.0]
[8.0]
[7.0]
[0.0]
[2.0]
[13.0]
[0.0]
[5.0]
[15.0]
[4.0]
[1.0]
[1.0]
[0.0]
[3.0]
[8.0]
[7.0]
[4.0]
[5.0]
[0.0]
[0.0]
[1.0]
[1.0]
[0.0]
[4.0]
[9.0]
[3.0]
[10.0]
[9.0]
[8.0]
[7.0]
[17.0]
[0.0]
[6.0]
[6.0]
[6.0]
[8.0]
[0.0]
[5.0]
[7.0]
[8.0]
[1.0]
[8.0]
[5.0]
[7.0]
[11.0]
[5.0]
[3.0]
[4.0]
[4.0]
[8.0]
[5.0]
[7.0, 0.9246231155778895]
[0.0, 0.7035175879396985]
[9.0, 0.5628140703517588]
[12.0, 0.7587939698492462]
[5.0, 0.5477386934673367]
[5.0, 0.4271356783919598]
[5.0, 0.5628140703517588]
[0.0, 0.8894472361809045]
[2.0, 0.7939698492462312]
[3.0, 0.8140703517587939]
[4.0, 0.7135678391959799]
[6.0, 0.6733668341708543]
[4.0, 0.8592964824120602]
[7.0, 0.9095477386934674]
[0.0, 0.8994974874371859]
[9.0, 0.8241206030150754]
[3.0, 0.6984924623115578]
[6.0, 0.5979899497487438]
[9.0, 0.9246231155778895]
[12.0, 0.4623115577889447]
[1.0, 0.5678391959798995]
[11.0, 0.7788944723618091]
[3.0, 0.7085427135678392]
[4.0, 0.6180904522613065]
[0.0, 0.6934673366834171]
[2.0, 0.7336683417085427]
[10.0, 0.507537688442211]
[7.0, 0.5326633165829145]
[0.0, 0.7336683417085427]
[7.0, 0.8090452261306532]
[2.0, 0.542713567839196]
[1.0, 0.5979899497487438]
[0.0, 0.5376884422110553]
[2.0, 0.6432160804020101]
[1.0, 0.6432160804020101]
[2.0, 0.7336683417085427]
[14.0, 0.5025125628140703]
[0.0, 0.8391959798994975]
[2.0, 0.7236180904522613]
[5.0, 0.5778894472361809]
[10.0, 0.8090452261306532]
[0.0, 0.6432160804020101]
[2.0, 0.6231155778894473]
[2.0, 0.7788944723618091]
[7.0, 0.5477386934673367]
[3.0, 0.914572864321608]
[6.0, 0.9748743718592965]
[3.0, 0.5628140703517588]
[0.0, 0.6231155778894473]
[13.0, 0.7638190954773869]
[1.0, 0.6130653266331658]
[2.0, 0.5125628140703518]
[1.0, 0.9045226130653267]
[5.0, 0.5778894472361809]
[9.0, 0.7638190954773869]
[7.0, 0.8944723618090452]
[5.0, 0.0]
[9.0, 0.8291457286432161]
[1.0, 0.628140703517588]
[13.0, 0.6482412060301508]
[1.0, 0.9849246231155779]
[5.0, 0.949748743718593]
[4.0, 0.7336683417085427]
[6.0, 0.6231155778894473]
[1.0, 0.6683417085427136]
[3.0, 0.8693467336683417]
[12.0, 0.7035175879396985]
[4.0, 0.7839195979899497]
[5.0, 0.5829145728643216]
[8.0, 0.5276381909547738]
[5.0, 0.7236180904522613]
[5.0, 0.8341708542713567]
[4.0, 0.7939698492462312]
[0.0, 0.6582914572864321]
[3.0, 0.9698492462311558]
[4.0, 0.47738693467336685]
[5.0, 0.6834170854271356]
[5.0, 0.8442211055276382, 0.5245901639344263]
[4.0, 0.5778894472361809, 0.5901639344262295]
[8.0, 0.9899497487437185, 0.6065573770491803]
[1.0, 0.864321608040201, 0.5573770491803278]
[0.0, 0.6934673366834171, 0.4918032786885246]
[3.0, 0.8693467336683417, 0.6885245901639344]
[4.0, 0.7236180904522613, 0.6721311475409836]
[3.0, 0.6482412060301508, 0.5245901639344263]
[8.0, 0.7587939698492462, 0.639344262295082]
[4.0, 0.9246231155778895, 0.639344262295082]
[1.0, 0.9095477386934674, 0.5245901639344263]
[1.0, 0.47738693467336685, 0.6721311475409836]
[0.0, 0.7085427135678392, 0.0]
[0.0, 0.949748743718593, 0.8524590163934426]
[8.0, 0.542713567839196, 0.5737704918032787]
[4.0, 0.5879396984924623, 0.5081967213114754]
[0.0, 0.9045226130653267, 0.639344262295082]
[0.0, 0.5226130653266332, 0.5245901639344263]
[2.0, 0.6733668341708543, 0.5737704918032787]
[14.0, 0.8793969849246231, 0.5081967213114754]
[10.0, 0.7437185929648241, 0.6885245901639344]
[8.0, 0.6030150753768844, 0.0]
[2.0, 0.5276381909547738, 0.6557377049180327]
[3.0, 0.7939698492462312, 0.5737704918032787]
[0.0, 0.7286432160804021, 0.0]
[0.0, 0.678391959798995, 0.5573770491803278]
[4.0, 0.628140703517588, 0.5737704918032787]
[7.0, 0.9798994974874372, 0.5737704918032787]
[6.0, 0.0, 0.5573770491803278]
[0.0, 0.9045226130653267, 0.7377049180327869]
[12.0, 0.4221105527638191, 0.5901639344262295]
[3.0, 0.8190954773869347, 0.5737704918032787]
[9.0, 0.7286432160804021, 0.7213114754098361]
[9.0, 0.6532663316582915, 0.5737704918032787]
[4.0, 0.6633165829145728, 0.0]
[3.0, 0.6482412060301508, 0.7540983606557377]
[8.0, 0.5025125628140703, 0.6065573770491803]
[3.0, 0.6432160804020101, 0.5901639344262295]
[10.0, 0.45226130653266333, 0.6967213114754098]
[8.0, 0.9346733668341709, 0.7377049180327869]
[5.0, 0.9396984924623115, 0.6229508196721312]
[6.0, 0.628140703517588, 0.6229508196721312]
[0.0, 0.9949748743718593, 0.5409836065573771]
[0.0, 0.6080402010050251, 0.5409836065573771]
[2.0, 0.592964824120603, 0.6557377049180327]
[2.0, 0.9899497487437185, 0.5737704918032787]
[0.0, 0.7587939698492462, 0.7377049180327869]
[8.0, 0.6231155778894473, 0.6229508196721312]
[8.0, 0.7185929648241206, 0.5409836065573771]
[3.0, 0.8844221105527639, 0.7049180327868853]
[11.0, 0.5577889447236181, 0.6885245901639344]
[3.0, 0.6633165829145728, 0.6557377049180327]
[0.0, 0.9447236180904522, 0.6721311475409836]
[1.0, 0.8693467336683417, 0.6065573770491803]
[7.0, 0.7537688442211056, 0.639344262295082]
[4.0, 0.9195979899497487, 0.0]
[1.0, 0.9095477386934674, 0.639344262295082]
[3.0, 0.8743718592964824, 0.47540983606557374]
[7.0, 0.8442211055276382, 0.7213114754098361]
[11.0, 0.6934673366834171, 0.6065573770491803]
[9.0, 0.5628140703517588, 0.6721311475409836]
[0.0, 0.5979899497487438, 0.0]
[7.0, 0.5728643216080402, 0.5245901639344263]
[13.0, 0.5226130653266332, 0.5901639344262295]
[7.0, 0.48743718592964824, 0.6229508196721312]
[6.0, 0.7386934673366834, 0.6557377049180327]
[1.0, 0.8391959798994975, 0.6065573770491803]
[0.0, 0.8994974874371859, 0.4098360655737705]
[11.0, 0.6834170854271356, 0.6885245901639344]
[2.0, 0.7788944723618091, 0.4262295081967213]
[3.0, 0.4020100502512563, 0.6721311475409836]
[1.0, 1.0, 0.6229508196721312]
[8.0, 0.8391959798994975, 0.8688524590163934]
[9.0, 0.7286432160804021, 0.6557377049180327]
[6.0, 0.5778894472361809, 0.4918032786885246]
[4.0, 0.7286432160804021, 0.6721311475409836]
[10.0, 0.5577889447236181, 0.5737704918032787]
[6.0, 0.9798994974874372, 0.5737704918032787, 0.0]
[9.0, 0.7839195979899497, 0.7049180327868853, 0.0]
[3.0, 0.6080402010050251, 0.4262295081967213, 0.0]
[0.0, 0.8140703517587939, 0.6229508196721312, 0.36363636363636365]
[4.0, 0.628140703517588, 0.6557377049180327, 0.0]
[1.0, 0.7236180904522613, 0.6721311475409836, 0.46464646464646464]
[13.0, 0.7939698492462312, 0.9344262295081968, 0.0]
[7.0, 0.6482412060301508, 0.5573770491803278, 0.494949494949495]
[7.0, 0.7135678391959799, 0.7377049180327869, 0.24242424242424243]
[3.0, 0.8492462311557789, 0.6065573770491803, 0.1919191919191919]
[6.0, 0.628140703517588, 0.639344262295082, 0.31313131313131315]
[1.0, 0.8442211055276382, 0.7213114754098361, 0.29292929292929293]
[10.0, 0.5778894472361809, 0.0, 0.0]
[9.0, 0.8241206030150754, 0.639344262295082, 0.0]
[2.0, 0.46733668341708545, 0.5245901639344263, 0.32323232323232326]
[10.0, 0.6482412060301508, 0.5081967213114754, 0.36363636363636365]
[7.0, 0.9396984924623115, 0.4098360655737705, 0.3333333333333333]
[3.0, 0.8693467336683417, 0.639344262295082, 0.3939393939393939]
[5.0, 0.48743718592964824, 0.6229508196721312, 0.2727272727272727]
[1.0, 0.7487437185929648, 0.5573770491803278, 0.29292929292929293]
[3.0, 0.6532663316582915, 0.639344262295082, 0.23232323232323232]
[8.0, 0.6030150753768844, 0.7049180327868853, 0.0]
[2.0, 0.8743718592964824, 0.7213114754098361, 0.37373737373737376]
[1.0, 0.5125628140703518, 0.6065573770491803, 0.0]
[11.0, 0.6030150753768844, 0.6557377049180327, 0.37373737373737376]
[9.0, 0.7035175879396985, 0.7704918032786885, 0.0]
[1.0, 0.7386934673366834, 0.7704918032786885, 0.41414141414141414]
[3.0, 0.9396984924623115, 0.5737704918032787, 0.2222222222222222]
[6.0, 0.8140703517587939, 0.5081967213114754, 0.0]
[4.0, 0.6834170854271356, 0.5737704918032787, 0.0]
[0.0, 0.9095477386934674, 0.7213114754098361, 0.4444444444444444]
[8.0, 0.7738693467336684, 0.639344262295082, 0.32323232323232326]
[1.0, 0.6432160804020101, 0.7213114754098361, 0.3939393939393939]
[0.0, 0.6180904522613065, 0.5901639344262295, 0.0]
[6.0, 0.9547738693467337, 0.7540983606557377, 0.0]
[9.0, 0.8542713567839196, 0.6065573770491803, 0.31313131313131315]
[1.0, 0.6331658291457286, 0.4918032786885246, 0.0]
[1.0, 0.4271356783919598, 0.5409836065573771, 0.29292929292929293]
[1.0, 0.4472361809045226, 0.5409836065573771, 0.23232323232323232]
[5.0, 0.5829145728643216, 0.6065573770491803, 0.0]
[10.0, 0.5778894472361809, 0.0, 0.0]
[4.0, 0.5527638190954773, 0.7540983606557377, 0.0]
[10.0, 0.6984924623115578, 0.6557377049180327, 0.0]
[1.0, 0.5175879396984925, 0.2459016393442623, 0.3838383838383838]
[3.0, 0.6331658291457286, 0.7213114754098361, 0.41414141414141414]
[8.0, 0.49748743718592964, 0.6885245901639344, 0.0]
[1.0, 0.48743718592964824, 0.5409836065573771, 0.15151515151515152]
[13.0, 0.7286432160804021, 0.6721311475409836, 0.1919191919191919]
[5.0, 0.5879396984924623, 0.7540983606557377, 0.0]
[5.0, 0.5477386934673367, 0.6147540983606558, 0.26262626262626265]
[3.0, 0.44221105527638194, 0.47540983606557374, 0.1111111111111111]
[6.0, 0.4623115577889447, 0.7540983606557377, 0.0]
[10.0, 0.6130653266331658, 0.639344262295082, 0.31313131313131315]
[4.0, 0.5175879396984925, 0.4918032786885246, 0.3333333333333333]
[11.0, 0.6934673366834171, 0.6229508196721312, 0.0]
[3.0, 0.9045226130653267, 0.5245901639344263, 0.25252525252525254]
[7.0, 0.6683417085427136, 0.6885245901639344, 0.0]
[7.0, 0.5326633165829145, 0.7540983606557377, 0.18181818181818182]
[7.0, 0.7989949748743719, 0.5245901639344263, 0.0]
[1.0, 0.7336683417085427, 0.45901639344262296, 0.0]
[2.0, 0.35678391959798994, 0.5737704918032787, 0.2727272727272727]
[7.0, 0.5276381909547738, 0.0, 0.0]
[1.0, 0.5175879396984925, 0.6557377049180327, 0.1111111111111111]
[1.0, 0.507537688442211, 0.4098360655737705, 0.15151515151515152]
[5.0, 0.44221105527638194, 0.5409836065573771, 0.21212121212121213]
[7.0, 0.7537688442211056, 0.5409836065573771, 0.42424242424242425]
[1.0, 0.36683417085427134, 0.4098360655737705, 0.10101010101010101]
[0.0, 0.5025125628140703, 0.7213114754098361, 0.6060606060606061]
[0.0, 0.7336683417085427, 0.6721311475409836, 0.0]
[0.0, 0.5276381909547738, 0.5245901639344263, 0.41414141414141414]
[2.0, 0.4221105527638191, 0.0, 0.0]
[5.0, 0.22110552763819097, 0.5081967213114754, 0.0]
[2.0, 0.7085427135678392, 0.47540983606557374, 0.3434343434343434]
[5.0, 0.49748743718592964, 0.6065573770491803, 0.2727272727272727]
[2.0, 0.5477386934673367, 0.7540983606557377, 0.0]
[1.0, 0.47738693467336685, 0.5409836065573771, 0.13131313131313133]
[4.0, 0.7336683417085427, 0.6967213114754098, 0.2727272727272727]
[5.0, 0.6984924623115578, 0.5245901639344263, 0.35353535353535354]
[4.0, 0.6482412060301508, 0.7049180327868853, 0.20202020202020202]
[1.0, 0.3969849246231156, 0.6147540983606558, 0.30303030303030304]
[1.0, 0.0, 0.39344262295081966, 0.20202020202020202]
[7.0, 0.31155778894472363, 0.639344262295082, 0.0]
[5.0, 0.47738693467336685, 0.5901639344262295, 0.3333333333333333]
[2.0, 0.5628140703517588, 0.5409836065573771, 0.2222222222222222]
[3.0, 0.5678391959798995, 0.36065573770491804, 0.13131313131313133]
[2.0, 0.37185929648241206, 0.0, 0.0]
[7.0, 0.41708542713567837, 0.639344262295082, 0.26262626262626265]
[0.0, 0.507537688442211, 0.5327868852459017, 0.2828282828282828]
[2.0, 0.5527638190954773, 0.6065573770491803, 0.29292929292929293]
[13.0, 0.5326633165829145, 0.5901639344262295, 0.5454545454545454]
[2.0, 0.5025125628140703, 0.5573770491803278, 0.25252525252525254]
[1.0, 0.5376884422110553, 0.5573770491803278, 0.1919191919191919]
[1.0, 0.4020100502512563, 0.45081967213114754, 0.0]
[4.0, 0.6180904522613065, 0.6557377049180327, 0.15151515151515152]
[7.0, 0.40703517587939697, 0.639344262295082, 0.40404040404040403]
[2.0, 0.7135678391959799, 0.6721311475409836, 0.18181818181818182]
[6.0, 0.7236180904522613, 0.5901639344262295, 0.2727272727272727]
[2.0, 0.4623115577889447, 0.5081967213114754, 0.2828282828282828]
[1.0, 0.35678391959798994, 0.39344262295081966, 0.18181818181818182]
[6.0, 0.46733668341708545, 0.4098360655737705, 0.30303030303030304]
[1.0, 0.7587939698492462, 0.4918032786885246, 0.0]
[0.0, 0.628140703517588, 0.7868852459016393, 0.0]
[1.0, 0.40703517587939697, 0.5901639344262295, 0.18181818181818182]
[2.0, 0.4271356783919598, 0.5327868852459017, 0.0]
[1.0, 0.6331658291457286, 0.45901639344262296, 0.29292929292929293]
[1.0, 0.4824120603015075, 1.0, 0.0]
[4.0, 0.7236180904522613, 0.47540983606557374, 0.2828282828282828]
[3.0, 0.41708542713567837, 0.47540983606557374, 0.31313131313131315]
[1.0, 0.4472361809045226, 0.6229508196721312, 0.3434343434343434]
[4.0, 0.38190954773869346, 0.5081967213114754, 0.0]
[5.0, 0.39195979899497485, 0.39344262295081966, 0.0]
[4.0, 0.48743718592964824, 0.4918032786885246, 0.23232323232323232]
[4.0, 0.49748743718592964, 0.6229508196721312, 0.15151515151515152]
[6.0, 0.5577889447236181, 0.5245901639344263, 0.3939393939393939]
[2.0, 0.5376884422110553, 0.6065573770491803, 0.30303030303030304]
[5.0, 0.6633165829145728, 0.6557377049180327, 0.0]
[3.0, 0.6030150753768844, 0.5737704918032787, 0.30303030303030304]
[1.0, 0.592964824120603, 0.47540983606557374, 0.36363636363636365]
[8.0, 0.4221105527638191, 0.6065573770491803, 0.31313131313131315]
[2.0, 0.4824120603015075, 0.5573770491803278, 0.13131313131313133]
[2.0, 0.628140703517588, 0.4918032786885246, 0.20202020202020202]
[0.0, 0.5025125628140703, 0.5737704918032787, 0.26262626262626265]
[0.0, 0.46733668341708545, 0.4918032786885246, 0.25252525252525254]
[0.0, 0.6482412060301508, 0.6557377049180327, 0.0]
[5.0, 0.5276381909547738, 0.5901639344262295, 0.29292929292929293]
[3.0, 0.6432160804020101, 0.639344262295082, 0.0]
[5.0, 0.5326633165829145, 0.6721311475409836, 0.30303030303030304]
[2.0, 0.542713567839196, 0.4262295081967213, 0.26262626262626265]
[4.0, 0.7738693467336684, 0.5081967213114754, 0.31313131313131315]
[0.0, 0.5125628140703518, 0.6147540983606558, 0.23232323232323232]
[9.0, 0.2864321608040201, 0.6557377049180327, 0.37373737373737376]
[2.0, 0.5326633165829145, 0.5245901639344263, 0.35353535353535354]
[5.0, 0.7386934673366834, 0.639344262295082, 0.0]
[2.0, 0.45226130653266333, 0.5737704918032787, 0.1717171717171717]
[1.0, 0.6834170854271356, 0.6065573770491803, 0.5050505050505051]
[4.0, 0.5728643216080402, 0.5327868852459017, 0.0]
[1.0, 0.7688442211055276, 0.6721311475409836, 0.42424242424242425]
[2.0, 0.49748743718592964, 0.4262295081967213, 0.15151515151515152]
[1.0, 0.5477386934673367, 0.45901639344262296, 0.21212121212121213]
[2.0, 0.44221105527638194, 0.6065573770491803, 0.1919191919191919]
[4.0, 0.7587939698492462, 0.7377049180327869, 0.3838383838383838]
[7.0, 0.5125628140703518, 0.6065573770491803, 0.40404040404040403]
[0.0, 0.5728643216080402, 0.6557377049180327, 0.3434343434343434]
[2.0, 0.5025125628140703, 0.5245901639344263, 0.23232323232323232]
[3.0, 0.7437185929648241, 0.5409836065573771, 0.25252525252525254]
[4.0, 0.6030150753768844, 0.5573770491803278, 0.0]
[4.0, 0.5527638190954773, 0.5409836065573771, 0.0]
[3.0, 0.5577889447236181, 0.7377049180327869, 0.12121212121212122]
[2.0, 0.4371859296482412, 0.0, 0.23232323232323232]
[1.0, 0.3969849246231156, 0.4918032786885246, 0.42424242424242425]
[2.0, 0.3768844221105528, 0.5245901639344263, 0.24242424242424243]
[6.0, 0.4271356783919598, 0.639344262295082, 0.0]
[5.0, 0.7185929648241206, 0.639344262295082, 0.0]
[6.0, 0.4371859296482412, 0.6557377049180327, 0.0]
[0.0, 0.5979899497487438, 0.5245901639344263, 0.18181818181818182, 0.10874704491725769]
[1.0, 0.0, 0.6065573770491803, 0.20202020202020202, 0.027186761229314422]
[5.0, 0.36683417085427134, 0.4918032786885246, 0.0, 0.0]
[4.0, 0.7085427135678392, 0.6065573770491803, 0.0, 0.0]
[3.0, 0.5577889447236181, 0.5081967213114754, 0.0, 0.0]
[9.0, 0.6180904522613065, 0.5737704918032787, 0.4444444444444444, 0.1111111111111111]
[8.0, 0.4271356783919598, 0.45081967213114754, 0.20202020202020202, 0.0]
[1.0, 0.5276381909547738, 0.47540983606557374, 0.0, 0.0]
[0.0, 0.5678391959798995, 0.6557377049180327, 0.16161616161616163, 0.0]
[1.0, 0.6934673366834171, 0.6721311475409836, 0.0, 0.0]
[0.0, 0.542713567839196, 0.5573770491803278, 0.20202020202020202, 0.0]
[2.0, 0.49748743718592964, 0.5737704918032787, 0.16161616161616163, 0.05200945626477541]
[6.0, 0.5175879396984925, 0.5901639344262295, 0.32323232323232326, 0.22458628841607564]
[5.0, 0.5577889447236181, 0.5901639344262295, 0.2828282828282828, 0.0]
[1.0, 0.4824120603015075, 0.5245901639344263, 0.2727272727272727, 0.10283687943262411]
[2.0, 0.40703517587939697, 0.4918032786885246, 0.2222222222222222, 0.0]
[0.0, 0.7386934673366834, 0.6967213114754098, 0.5454545454545454, 0.0]
[7.0, 0.8994974874371859, 0.7786885245901639, 0.31313131313131315, 0.0]
[6.0, 0.628140703517588, 0.5573770491803278, 0.30303030303030304, 0.14184397163120568]
[7.0, 0.5979899497487438, 0.0, 0.0, 0.0]
[7.0, 0.7135678391959799, 0.4918032786885246, 0.3333333333333333, 0.22458628841607564]
[1.0, 0.5025125628140703, 0.5409836065573771, 0.15151515151515152, 0.06619385342789598]
[1.0, 0.4371859296482412, 0.639344262295082, 0.2727272727272727, 0.037825059101654845]
[0.0, 0.507537688442211, 0.6229508196721312, 0.0, 0.0]
[4.0, 0.9899497487437185, 0.5737704918032787, 0.3939393939393939, 0.8794326241134752]
[0.0, 0.5879396984924623, 0.6557377049180327, 0.31313131313131315, 0.06264775413711583]
[1.0, 0.3969849246231156, 0.6557377049180327, 0.25252525252525254, 0.04373522458628842]
[4.0, 0.6130653266331658, 0.5573770491803278, 0.0, 0.0]
[3.0, 0.37185929648241206, 0.5573770491803278, 0.2828282828282828, 0.05319148936170213]
[0.0, 0.5226130653266332, 0.6229508196721312, 0.0, 0.0]
[1.0, 0.457286432160804, 0.5245901639344263, 0.24242424242424243, 0.0]
[4.0, 0.457286432160804, 0.5737704918032787, 0.32323232323232326, 0.10401891252955082]
[2.0, 0.7336683417085427, 0.6229508196721312, 0.35353535353535354, 0.2293144208037825]
[10.0, 0.6130653266331658, 0.5573770491803278, 0.0, 0.0]
[0.0, 0.8291457286432161, 0.7377049180327869, 0.3333333333333333, 0.8037825059101655]
[9.0, 0.6231155778894473, 0.5737704918032787, 0.3333333333333333, 0.475177304964539]
[1.0, 0.5577889447236181, 0.7049180327868853, 0.1919191919191919, 0.0]
[9.0, 0.5326633165829145, 0.4262295081967213, 0.0, 0.0]
[2.0, 0.6482412060301508, 0.6885245901639344, 0.0, 0.0]
[2.0, 0.45226130653266333, 0.6557377049180327, 0.1414141414141414, 0.06501182033096926]
[0.0, 0.4321608040201005, 0.5573770491803278, 0.32323232323232326, 0.0]
[3.0, 0.5577889447236181, 0.45901639344262296, 0.3939393939393939, 0.0]
[2.0, 0.5728643216080402, 0.5573770491803278, 0.2222222222222222, 0.0]
[1.0, 0.9698492462311558, 0.4098360655737705, 0.16161616161616163, 0.4432624113475177]
[3.0, 0.9597989949748744, 0.5573770491803278, 0.15151515151515152, 0.1536643026004728]
[4.0, 0.47738693467336685, 0.5737704918032787, 0.32323232323232326, 0.0]
[3.0, 0.7135678391959799, 0.6557377049180327, 0.15151515151515152, 0.0]
[5.0, 0.4824120603015075, 0.6065573770491803, 0.18181818181818182, 0.07919621749408984]
[2.0, 0.6432160804020101, 0.5245901639344263, 0.42424242424242425, 0.0]
[0.0, 0.5125628140703518, 0.4262295081967213, 0.0, 0.0]
[2.0, 0.542713567839196, 0.5081967213114754, 0.32323232323232326, 0.06619385342789598]
[3.0, 0.6130653266331658, 0.639344262295082, 0.0, 0.0]
[1.0, 0.35678391959798994, 0.639344262295082, 0.5050505050505051, 0.05319148936170213]
[13.0, 0.5326633165829145, 0.5737704918032787, 0.0, 0.0]
[2.0, 0.5025125628140703, 0.5737704918032787, 0.5252525252525253, 0.0673758865248227]
[0.0, 0.5226130653266332, 0.5245901639344263, 0.23232323232323232, 0.13711583924349882]
[5.0, 0.5728643216080402, 0.6065573770491803, 0.0, 0.0]
[2.0, 0.542713567839196, 0.5081967213114754, 0.10101010101010101, 0.32860520094562645]
[10.0, 0.6482412060301508, 0.6229508196721312, 0.2828282828282828, 0.14420803782505912]
[7.0, 0.6683417085427136, 0.7213114754098361, 0.15151515151515152, 0.18321513002364065]
[7.0, 0.6834170854271356, 0.6065573770491803, 0.26262626262626265, 0.1595744680851064]
[5.0, 0.7788944723618091, 0.6885245901639344, 0.4444444444444444, 0.6442080378250591]
[4.0, 0.4824120603015075, 0.45901639344262296, 0.1717171717171717, 0.057919621749408984]
[5.0, 0.542713567839196, 0.5901639344262295, 0.43434343434343436, 0.08865248226950355]
[0.0, 0.39195979899497485, 0.7213114754098361, 0.29292929292929293, 0.04728132387706856]
[0.0, 0.8090452261306532, 0.4098360655737705, 0.0, 0.0]
[6.0, 0.7587939698492462, 0.5081967213114754, 0.31313131313131315, 0.14184397163120568]
[0.0, 0.6331658291457286, 0.6885245901639344, 0.29292929292929293, 0.2541371158392435]
[8.0, 0.5628140703517588, 0.5901639344262295, 0.0, 0.0]
[5.0, 0.3869346733668342, 0.6721311475409836, 0.41414141414141414, 0.04964539007092199]
[3.0, 0.7537688442211056, 0.6229508196721312, 0.0, 0.0]
[2.0, 0.6030150753768844, 0.6229508196721312, 0.37373737373737376, 0.12411347517730496]
[0.0, 0.6884422110552764, 0.5573770491803278, 0.1414141414141414, 0.17494089834515367]
[6.0, 0.4020100502512563, 0.5409836065573771, 0.30303030303030304, 0.0]
[0.0, 0.5326633165829145, 0.5737704918032787, 0.37373737373737376, 0.17494089834515367]
[3.0, 0.5678391959798995, 0.4098360655737705, 0.10101010101010101, 0.10047281323877069]
[2.0, 0.5628140703517588, 0.5573770491803278, 0.2222222222222222, 0.1111111111111111]
[3.0, 0.49748743718592964, 0.6557377049180327, 0.1111111111111111, 0.07565011820330969, 0.28763040238450077]
[3.0, 0.5778894472361809, 0.5409836065573771, 0.3939393939393939, 0.16548463356973994, 0.5678092399403876]
[4.0, 0.6482412060301508, 0.4918032786885246, 0.12121212121212122, 0.2730496453900709, 0.4098360655737705]
[2.0, 0.5628140703517588, 0.6147540983606558, 0.32323232323232326, 0.0, 0.5320417287630403]
[1.0, 0.7889447236180904, 0.5901639344262295, 0.21212121212121213, 0.19858156028368795, 0.3815201192250373]
[10.0, 0.8994974874371859, 0.5737704918032787, 0.0, 0.0, 0.5230998509687035]
[6.0, 0.5276381909547738, 0.5737704918032787, 0.32323232323232326, 0.08037825059101655, 0.459016393442623]
[8.0, 0.592964824120603, 0.5901639344262295, 0.1919191919191919, 0.0, 0.34426229508196726]
[2.0, 0.4371859296482412, 0.47540983606557374, 0.16161616161616163, 0.061465721040189124, 0.48733233979135626]
[12.0, 0.5326633165829145, 0.6557377049180327, 0.0, 0.0, 0.3517138599105813]
[1.0, 0.47738693467336685, 0.4918032786885246, 0.18181818181818182, 0.06855791962174941, 0.3561847988077496]
[0.0, 0.8291457286432161, 0.6229508196721312, 0.43434343434343436, 0.30141843971631205, 0.7138599105812221]
[0.0, 0.5879396984924623, 0.0, 0.0, 0.0, 0.503725782414307]
[1.0, 0.6532663316582915, 0.5737704918032787, 0.13131313131313133, 0.12411347517730496, 0.3859910581222057]
[1.0, 0.47738693467336685, 0.6065573770491803, 0.21212121212121213, 0.08628841607565012, 0.3859910581222057]
[1.0, 0.0, 0.5573770491803278, 0.35353535353535354, 0.0, 0.4769001490312966]
[5.0, 0.6130653266331658, 0.7049180327868853, 0.0, 0.0, 0.5171385991058123]
[8.0, 0.47738693467336685, 0.5901639344262295, 0.0, 0.0, 0.5484351713859911]
[8.0, 0.6331658291457286, 0.7213114754098361, 0.36363636363636365, 0.1276595744680851, 0.5737704918032788]
[1.0, 0.6984924623115578, 0.3770491803278688, 0.1919191919191919, 0.09810874704491726, 0.4277198211624441]
[3.0, 0.5829145728643216, 0.0, 0.0, 0.0, 0.35022354694485847]
[3.0, 0.49748743718592964, 0.5081967213114754, 0.1919191919191919, 0.08747044917257683, 0.3248882265275708]
[4.0, 0.4623115577889447, 0.6557377049180327, 0.0, 0.0, 0.6289120715350225]
[4.0, 0.6884422110552764, 0.6885245901639344, 0.0, 0.0, 0.46497764530551416]
[3.0, 0.3065326633165829, 0.6721311475409836, 0.2828282828282828, 0.0, 0.5126676602086438]
[1.0, 0.45226130653266333, 0.5081967213114754, 0.12121212121212122, 0.0508274231678487, 0.4053651266766021]
[3.0, 0.45226130653266333, 0.639344262295082, 0.0, 0.0, 0.6363636363636365]
[12.0, 0.44221105527638194, 0.6065573770491803, 0.40404040404040403, 0.06382978723404255, 0.526080476900149]
[5.0, 0.7939698492462312, 0.5737704918032787, 0.0, 0.0, 0.444113263785395]
[5.0, 0.5175879396984925, 0.8852459016393442, 0.37373737373737376, 0.0, 0.5842026825633384]
[4.0, 0.7386934673366834, 0.6065573770491803, 0.25252525252525254, 0.3463356973995272, 0.5201192250372578]
[5.0, 0.49748743718592964, 0.4426229508196721, 0.2828282828282828, 0.09810874704491726, 0.5067064083457526]
[0.0, 0.507537688442211, 0.5245901639344263, 0.1717171717171717, 0.0, 0.3129657228017884]
[3.0, 0.40703517587939697, 0.7049180327868853, 0.16161616161616163, 0.07801418439716312, 0.4098360655737705]
[0.0, 0.592964824120603, 0.5245901639344263, 0.23232323232323232, 0.10520094562647754, 0.0]
[0.0, 0.4221105527638191, 0.5245901639344263, 0.2222222222222222, 0.07801418439716312, 0.533532041728763]
[2.0, 0.5276381909547738, 0.47540983606557374, 0.40404040404040403, 0.1111111111111111, 0.5201192250372578]
[2.0, 0.6130653266331658, 0.4262295081967213, 0.43434343434343436, 0.1867612293144208, 0.5394932935916543]
[0.0, 0.49246231155778897, 0.6721311475409836, 0.15151515151515152, 0.09929078014184398, 0.37555886736214605]
[1.0, 0.4371859296482412, 0.4918032786885246, 0.37373737373737376, 0.08865248226950355, 0.5543964232488824]
[0.0, 0.46733668341708545, 0.819672131147541, 0.3939393939393939, 0.0851063829787234, 0.646795827123696]
[1.0, 0.5376884422110553, 0.5901639344262295, 0.30303030303030304, 0.09692671394799054, 0.459016393442623]
[0.0, 0.5276381909547738, 0.5573770491803278, 0.2222222222222222, 0.0, 0.2980625931445604]
[1.0, 0.5477386934673367, 0.4918032786885246, 0.08080808080808081, 0.21513002364066194, 0.37853949329359166]
[1.0, 0.45226130653266333, 0.5081967213114754, 0.18181818181818182, 0.06973995271867613, 0.3740685543964233]
[1.0, 0.628140703517588, 0.5737704918032787, 0.24242424242424243, 0.13002364066193853, 0.3621460506706409]
[1.0, 0.5979899497487438, 0.4426229508196721, 0.13131313131313133, 0.0591016548463357, 0.33233979135618485]
[3.0, 0.5025125628140703, 0.5573770491803278, 0.23232323232323232, 0.09574468085106383, 0.4709388971684054]
[1.0, 0.5025125628140703, 0.5409836065573771, 0.29292929292929293, 0.23167848699763594, 0.4769001490312966]
[1.0, 0.6582914572864321, 0.5245901639344263, 0.1414141414141414, 0.4905437352245863, 0.35320417287630407]
[4.0, 0.5829145728643216, 0.5901639344262295, 0.12121212121212122, 0.10283687943262411, 0.32935916542473925]
[2.0, 0.6381909547738693, 0.47540983606557374, 0.24242424242424243, 0.32505910165484636, 0.4128166915052161]
[3.0, 0.4824120603015075, 0.45901639344262296, 0.3434343434343434, 0.1359338061465721, 0.3681073025335321]
[3.0, 0.4120603015075377, 0.5737704918032787, 0.0, 0.0, 0.31445603576751124]
[6.0, 0.6884422110552764, 0.5, 0.0, 0.0, 0.36065573770491804]
[9.0, 0.36180904522613067, 0.639344262295082, 0.25252525252525254, 0.0, 0.4709388971684054]
[2.0, 0.6180904522613065, 0.39344262295081966, 0.32323232323232326, 0.1950354609929078, 0.6274217585692996]
[0.0, 0.507537688442211, 0.5081967213114754, 0.0, 0.0, 0.3263785394932936]
[6.0, 0.5125628140703518, 0.7377049180327869, 0.3939393939393939, 0.0, 0.5320417287630403]
[1.0, 0.5628140703517588, 0.5901639344262295, 0.30303030303030304, 0.20803782505910165, 0.5126676602086438]
[1.0, 0.7185929648241206, 0.6885245901639344, 0.23232323232323232, 0.3664302600472813, 0.631892697466468]
[1.0, 0.7185929648241206, 0.6065573770491803, 0.2222222222222222, 0.07210401891252956, 0.3904619970193741]
[1.0, 0.48743718592964824, 0.5573770491803278, 0.21212121212121213, 0.0, 0.4053651266766021]
[1.0, 0.41708542713567837, 0.5573770491803278, 0.0, 0.0, 0.27123695976154993]
[1.0, 0.5979899497487438, 0.7213114754098361, 0.41414141414141414, 0.20094562647754138, 0.6751117734724292]
[2.0, 0.4723618090452261, 0.5573770491803278, 0.18181818181818182, 0.08983451536643026, 0.3874813710879285]
[0.0, 0.5125628140703518, 0.5245901639344263, 0.46464646464646464, 0.09219858156028368, 0.6050670640834576]
[2.0, 0.5778894472361809, 0.5245901639344263, 0.2222222222222222, 0.0, 0.459016393442623]
[0.0, 0.4723618090452261, 0.0, 0.0, 0.0, 0.0]
[0.0, 0.678391959798995, 0.7704918032786885, 0.46464646464646464, 0.17139479905437352, 0.6050670640834576]
[2.0, 0.49748743718592964, 0.0, 0.0, 0.0, 0.330849478390462]
[3.0, 0.4472361809045226, 0.6065573770491803, 0.16161616161616163, 0.10047281323877069, 0.45305514157973176]
[1.0, 0.4020100502512563, 0.6065573770491803, 0.1111111111111111, 0.07092198581560284, 0.44709388971684055]
[2.0, 0.6984924623115578, 0.6147540983606558, 0.0, 0.0, 0.3815201192250373]
[1.0, 0.45226130653266333, 0.5573770491803278, 0.08080808080808081, 0.0, 0.3651266766020865]
[12.0, 0.7035175879396985, 0.6967213114754098, 0.3333333333333333, 0.0, 0.5573770491803279]
[5.0, 0.7386934673366834, 0.6147540983606558, 0.0, 0.0, 0.4456035767511177]
[1.0, 0.48743718592964824, 0.5737704918032787, 0.15151515151515152, 0.0, 0.27123695976154993, 0.029461998292058065]
[6.0, 0.5376884422110553, 0.7213114754098361, 0.0, 0.0, 0.5484351713859911, 0.2771135781383433]
[2.0, 0.41708542713567837, 0.5409836065573771, 0.23232323232323232, 0.0591016548463357, 0.4798807749627423, 0.1789069171648164]
[4.0, 0.5879396984924623, 0.5245901639344263, 0.2727272727272727, 0.14184397163120568, 0.4947839046199703, 0.06490179333902649]
[1.0, 0.5025125628140703, 0.5901639344262295, 0.12121212121212122, 0.08274231678486997, 0.3770491803278689, 0.2476515798462852]
[0.0, 0.47738693467336685, 0.6557377049180327, 0.45454545454545453, 0.10874704491725769, 0.5439642324888228, 0.107600341588386]
[0.0, 0.6030150753768844, 0.6065573770491803, 0.18181818181818182, 0.07446808510638298, 0.4545454545454546, 0.08838599487617418]
[1.0, 0.4120603015075377, 0.5245901639344263, 0.13131313131313133, 0.11229314420803782, 0.315946348733234, 0.14389410760034158]
[0.0, 0.457286432160804, 0.5573770491803278, 0.32323232323232326, 0.24822695035460993, 0.5946348733233979, 0.12937660119555935]
[2.0, 0.5979899497487438, 0.0, 0.0, 0.0, 0.2921013412816692, 0.32194705380017086]
[2.0, 0.5025125628140703, 0.4426229508196721, 0.2828282828282828, 0.12411347517730496, 0.5633383010432191, 0.17933390264730997]
[1.0, 0.678391959798995, 0.4426229508196721, 0.0, 0.0, 0.3979135618479881, 0.26003415883859954]
[5.0, 0.4321608040201005, 0.5573770491803278, 0.2828282828282828, 0.08392434988179669, 0.45007451564828616, 0.12211784799316822]
[9.0, 0.6733668341708543, 0.6065573770491803, 0.3333333333333333, 0.07092198581560284, 0.3859910581222057, 0.16310845431255336]
[9.0, 0.6030150753768844, 0.5901639344262295, 0.2222222222222222, 0.06619385342789598, 0.3099850968703428, 0.27967549103330486]
[1.0, 0.35678391959798994, 0.5081967213114754, 0.0, 0.0, 0.3248882265275708, 0.1443210930828352]
[8.0, 0.37185929648241206, 0.5737704918032787, 0.40404040404040403, 0.057919621749408984, 0.526080476900149, 0.2677198975234842]
[5.0, 0.44221105527638194, 0.639344262295082, 0.30303030303030304, 0.0, 0.41132637853949333, 0.07685738684884713]
[10.0, 0.5778894472361809, 0.8032786885245902, 0.0, 0.0, 0.35767511177347244, 0.4030742954739539]
[0.0, 0.6231155778894473, 0.45901639344262296, 0.13131313131313133, 0.12411347517730496, 0.3248882265275708, 0.1596925704526046]
[0.0, 0.37185929648241206, 0.4262295081967213, 0.10101010101010101, 0.0425531914893617, 0.41430700447093893, 0.08155422715627667]
[0.0, 0.48743718592964824, 0.5245901639344263, 0.36363636363636365, 0.1182033096926714, 0.5484351713859911, 0.2228864218616567]
[6.0, 0.7738693467336684, 0.639344262295082, 0.41414141414141414, 0.16548463356973994, 0.6870342771982118, 0.21050384286934246]
[1.0, 0.7236180904522613, 0.6721311475409836, 0.40404040404040403, 0.0, 0.6154992548435172, 0.22587532023911186]
[0.0, 0.6884422110552764, 0.5737704918032787, 0.3838383838383838, 0.0, 0.4947839046199703, 0.03928266438941076]
[0.0, 0.5979899497487438, 0.5409836065573771, 0.2727272727272727, 0.0, 0.5782414307004471, 0.07728437233134072]
[7.0, 0.6834170854271356, 0.7377049180327869, 0.0, 0.0, 0.4456035767511177, 0.05636208368915457]
[4.0, 0.5728643216080402, 0.5245901639344263, 0.0, 0.0, 0.4307004470938897, 0.02049530315969257]
[0.0, 0.6884422110552764, 0.6885245901639344, 0.2727272727272727, 0.0, 0.40685543964232496, 0.06532877882152008]
[7.0, 0.5728643216080402, 0.6229508196721312, 0.1717171717171717, 0.13002364066193853, 0.35469448584202684, 0.16567036720751493]
[8.0, 0.6331658291457286, 0.6065573770491803, 0.3838383838383838, 0.08865248226950355, 0.3859910581222057, 0.035866780529461996]
[4.0, 0.6633165829145728, 0.7049180327868853, 0.31313131313131315, 0.0, 0.41728763040238454, 0.14560204953031594]
[0.0, 0.6180904522613065, 0.7213114754098361, 0.37373737373737376, 0.0, 0.5245901639344264, 0.05081127241673782]
[4.0, 0.4271356783919598, 0.47540983606557374, 0.2222222222222222, 0.057919621749408984, 0.41430700447093893, 0.0973526900085397]
[0.0, 0.4221105527638191, 0.6721311475409836, 0.31313131313131315, 0.14775413711583923, 0.5692995529061103, 0.06618274978650726]
[1.0, 0.6984924623115578, 0.5081967213114754, 0.41414141414141414, 0.5673758865248227, 0.6065573770491804, 0.19555935098206662]
[0.0, 0.8693467336683417, 0.639344262295082, 0.32323232323232326, 0.3132387706855792, 0.6929955290611028, 0.4615713065755764]
[4.0, 0.49748743718592964, 0.5901639344262295, 0.1717171717171717, 0.0, 0.3815201192250373, 0.09222886421861655]
[8.0, 0.9748743718592965, 0.6557377049180327, 0.0, 0.0, 0.38897168405365135, 0.20196413321947054]
[2.0, 0.41708542713567837, 0.5327868852459017, 0.2828282828282828, 0.07801418439716312, 0.5484351713859911, 0.23526900085397098]
[2.0, 0.4472361809045226, 0.7377049180327869, 0.30303030303030304, 0.0, 0.49925484351713867, 0.09137489325362937]
[4.0, 0.49748743718592964, 0.5573770491803278, 0.3838383838383838, 0.0, 0.488822652757079, 0.028608027327070875]
[3.0, 0.4020100502512563, 0.0, 0.0, 0.0, 0.0, 0.040990606319385135]
[6.0, 0.8341708542713567, 0.6065573770491803, 0.0, 0.0, 0.3964232488822653, 0.0964987190435525]
[5.0, 0.5527638190954773, 0.5573770491803278, 0.0, 0.0, 0.3874813710879285, 0.09137489325362937]
[2.0, 0.40703517587939697, 0.5901639344262295, 0.15151515151515152, 0.08983451536643026, 0.4485842026825634, 0.20025619128949615]
[6.0, 0.7738693467336684, 0.6065573770491803, 0.32323232323232326, 0.2281323877068558, 0.436661698956781, 0.324935952177626]
[2.0, 0.5879396984924623, 0.7377049180327869, 0.1919191919191919, 0.08392434988179669, 0.37555886736214605, 0.10034158838599487]
[3.0, 0.4221105527638191, 0.5901639344262295, 0.32323232323232326, 0.0, 0.5543964232488824, 0.0807002561912895]
[7.0, 0.4723618090452261, 0.5245901639344263, 0.25252525252525254, 0.0933806146572104, 0.496274217585693, 0.28181041844577287]
[3.0, 0.4824120603015075, 0.639344262295082, 0.3939393939393939, 0.0, 0.555886736214605, 0.06831767719897525]
[10.0, 0.3768844221105528, 0.6721311475409836, 0.0, 0.0, 0.496274217585693, 0.07899231426131512]
[1.0, 0.6532663316582915, 0.4918032786885246, 0.23232323232323232, 0.20094562647754138, 0.4262295081967214, 0.2621690862510675]
[2.0, 0.4221105527638191, 0.4098360655737705, 0.23232323232323232, 0.08983451536643026, 0.45305514157973176, 0.38001707941929974]
[8.0, 0.6030150753768844, 0.639344262295082, 0.0, 0.0, 0.37257824143070045, 0.14133219470538]
[0.0, 0.6984924623115578, 0.5081967213114754, 0.1717171717171717, 0.24822695035460993, 0.32935916542473925, 0.055081127241673786]
[9.0, 0.457286432160804, 0.5573770491803278, 0.0, 0.0, 0.36065573770491804, 0.05209222886421862]
[2.0, 0.457286432160804, 0.5081967213114754, 0.0, 0.0, 0.40685543964232496, 0.19086251067463705]
[3.0, 0.49748743718592964, 0.4426229508196721, 0.1919191919191919, 0.1016548463356974, 0.3815201192250373, 0.032450896669513236]
[7.0, 0.628140703517588, 0.7049180327868853, 0.0, 0.0, 0.5603576751117736, 0.0964987190435525]
[13.0, 0.38190954773869346, 0.4918032786885246, 0.0, 0.0, 0.488822652757079, 0.043552519214346705]
[6.0, 0.6482412060301508, 0.7377049180327869, 0.0707070707070707, 0.38534278959810875, 0.2921013412816692, 0.21520068317677202]
[2.0, 0.3417085427135678, 0.5737704918032787, 0.32323232323232326, 0.07801418439716312, 0.37257824143070045, 0.04654141759180188]
[3.0, 0.6231155778894473, 0.6557377049180327, 0.3333333333333333, 0.1536643026004728, 0.4947839046199703, 0.0969257045260461]
[6.0, 0.5728643216080402, 0.0, 0.0, 0.0, 0.0, 0.047395388556789056]
[3.0, 0.628140703517588, 0.47540983606557374, 0.0, 0.0, 0.4709388971684054, 0.031169940222032448]
[3.0, 0.4371859296482412, 0.4918032786885246, 0.18181818181818182, 0.0, 0.3248882265275708, 0.15627668659265584]
[1.0, 0.48743718592964824, 0.5245901639344263, 0.1919191919191919, 0.09692671394799054, 0.27123695976154993, 0.09436379163108453]
[3.0, 0.5829145728643216, 0.6065573770491803, 0.15151515151515152, 0.12411347517730496, 0.3919523099850969, 0.01238257899231426]
[0.0, 0.5879396984924623, 0.5409836065573771, 0.31313131313131315, 0.2222222222222222, 0.459016393442623, 0.177198975234842]
[0.0, 0.5577889447236181, 0.5327868852459017, 0.0, 0.0, 0.3666169895678093, 0.24850555081127243]
[2.0, 0.6130653266331658, 0.4918032786885246, 0.18181818181818182, 0.12529550827423167, 0.444113263785395, 0.2728437233134074]
[0.0, 0.5376884422110553, 0.6229508196721312, 0.0, 0.0, 0.6751117734724292, 0.2596071733561059]
[1.0, 0.4321608040201005, 0.5409836065573771, 0.5252525252525253, 0.0768321513002364, 0.6154992548435172, 0.3582408198121264]
[6.0, 0.457286432160804, 0.0, 0.0, 0.0, 0.444113263785395, 0.18061485909479078]
[1.0, 0.3869346733668342, 0.45901639344262296, 0.30303030303030304, 0.06619385342789598, 0.496274217585693, 0.5008539709649871]
[0.0, 0.5276381909547738, 0.7377049180327869, 0.0, 0.0, 0.4411326378539494, 0.05081127241673782]
[0.0, 0.2864321608040201, 0.4918032786885246, 0.0, 0.0, 0.323397913561848, 0.28052946199829204, 67.0]
[0.0, 0.6381909547738693, 0.6557377049180327, 0.37373737373737376, 0.24822695035460993, 0.5409836065573771, 0.30999146029035013, 23.0]
[4.0, 0.4221105527638191, 0.7377049180327869, 0.23232323232323232, 0.06619385342789598, 0.5886736214605067, 0.034585824081981215, 25.0]
[1.0, 0.44221105527638194, 0.639344262295082, 0.29292929292929293, 0.08983451536643026, 0.4769001490312966, 0.12254483347566181, 29.0]
[4.0, 0.6582914572864321, 0.5573770491803278, 0.21212121212121213, 0.19621749408983452, 0.49329359165424747, 0.035012809564474806, 28.0]
[1.0, 0.8241206030150754, 0.6721311475409836, 0.43434343434343436, 0.07919621749408984, 0.488822652757079, 0.11229718189581554, 50.0]
[4.0, 0.949748743718593, 0.9016393442622951, 0.31313131313131315, 0.0, 0.42473919523099857, 0.25704526046114434, 37.0]
[1.0, 0.5829145728643216, 0.5737704918032787, 0.2828282828282828, 0.0, 0.40834575260804773, 0.053800170794193, 21.0]
[3.0, 0.4221105527638191, 0.5573770491803278, 0.30303030303030304, 0.12529550827423167, 0.4754098360655738, 0.21904355251921434, 25.0]
[6.0, 0.5728643216080402, 0.7213114754098361, 0.0, 0.0, 0.41430700447093893, 0.07216054654141758, 66.0]
[1.0, 0.44221105527638194, 0.5081967213114754, 0.24242424242424243, 0.05200945626477541, 0.4456035767511177, 0.14688300597779677, 23.0]
[1.0, 0.4221105527638191, 0.5245901639344263, 0.23232323232323232, 0.1359338061465721, 0.5499254843517138, 0.16780529461998292, 28.0]
[7.0, 0.6231155778894473, 0.5737704918032787, 0.3333333333333333, 0.2541371158392435, 0.3800298062593145, 0.035439795046968404, 37.0]
[1.0, 0.48743718592964824, 0.5737704918032787, 0.40404040404040403, 0.0, 0.5678092399403876, 0.059777967549103334, 30.0]
[8.0, 0.5527638190954773, 0.6229508196721312, 0.0, 0.0, 0.41430700447093893, 0.06789069171648163, 58.0]
[11.0, 0.5175879396984925, 0.5573770491803278, 0.40404040404040403, 0.0, 0.6885245901639345, 0.02049530315969257, 42.0]
[11.0, 0.4271356783919598, 0.6065573770491803, 0.0, 0.0, 0.4485842026825634, 0.09479077711357813, 35.0]
[1.0, 0.4371859296482412, 0.5573770491803278, 0.3434343434343434, 0.09101654846335698, 0.5603576751117736, 0.13791631084543127, 24.0]
[6.0, 0.49748743718592964, 0.4918032786885246, 0.1919191919191919, 0.06382978723404255, 0.4008941877794337, 0.1789069171648164, 32.0]
[0.0, 0.457286432160804, 0.6557377049180327, 0.0, 0.0, 0.4828614008941878, 0.2233134073441503, 27.0]
[2.0, 0.47738693467336685, 0.4426229508196721, 0.1414141414141414, 0.10401891252955082, 0.38897168405365135, 0.2860802732707088, 22.0]
[1.0, 0.49748743718592964, 0.5901639344262295, 0.30303030303030304, 0.02127659574468085, 0.5752608047690015, 0.1426131511528608, 21.0]
[6.0, 0.4623115577889447, 0.5081967213114754, 0.32323232323232326, 0.14893617021276595, 0.4769001490312966, 0.002988898377455169, 46.0]
[4.0, 0.7738693467336684, 0.5901639344262295, 0.29292929292929293, 0.14893617021276595, 0.466467958271237, 0.11101622544833473, 37.0]
[3.0, 0.39195979899497485, 0.5737704918032787, 0.0, 0.0, 0.4843517138599106, 0.08198121263877028, 39.0]
[2.0, 0.6532663316582915, 0.7868852459016393, 0.0, 0.0, 0.33681073025335323, 0.08112724167378309, 21.0]
[3.0, 0.5577889447236181, 0.47540983606557374, 0.31313131313131315, 0.05200945626477541, 0.4396423248882266, 0.1502988898377455, 22.0]
[2.0, 0.49246231155778897, 0.4918032786885246, 0.1717171717171717, 0.14184397163120568, 0.5171385991058123, 0.05123825789923143, 22.0]
[1.0, 0.7185929648241206, 0.7049180327868853, 0.30303030303030304, 0.3900709219858156, 0.4485842026825634, 0.3475661827497865, 23.0]
[1.0, 0.5979899497487438, 0.36065573770491804, 0.47474747474747475, 0.07446808510638298, 0.5290611028315947, 0.08625106746370624, 25.0]
[6.0, 0.542713567839196, 0.36065573770491804, 0.20202020202020202, 0.1536643026004728, 0.35767511177347244, 0.31383432963279245, 35.0]
[10.0, 0.6683417085427136, 0.5573770491803278, 0.0, 0.0, 0.4023845007451565, 0.07130657557643039, 36.0]
[6.0, 0.5477386934673367, 0.4918032786885246, 0.2727272727272727, 0.0, 0.37257824143070045, 0.05465414175918019, 27.0]
[12.0, 0.6080402010050251, 0.639344262295082, 0.1717171717171717, 0.0, 0.3949329359165425, 0.07728437233134072, 62.0]
[8.0, 0.5025125628140703, 0.6229508196721312, 0.0, 0.0, 0.5767511177347244, 0.04782237403928266, 42.0]
[1.0, 0.46733668341708545, 0.45901639344262296, 0.1111111111111111, 0.0, 0.33532041728763046, 0.14474807856532879, 22.0]
[6.0, 0.5175879396984925, 0.5409836065573771, 0.0, 0.0, 0.3621460506706409, 0.07301451750640478, 29.0]
[0.0, 0.36683417085427134, 0.0, 0.0, 0.0, 0.31445603576751124, 0.11272416737830913, 25.0]
[2.0, 0.5628140703517588, 0.639344262295082, 0.5050505050505051, 0.16548463356973994, 0.587183308494784, 0.04141759180187873, 24.0]
[2.0, 0.4120603015075377, 0.4262295081967213, 0.2222222222222222, 0.1359338061465721, 0.42473919523099857, 0.6921434671221178, 25.0]
[6.0, 0.6180904522613065, 0.5901639344262295, 0.45454545454545453, 0.2718676122931442, 0.5007451564828614, 0.27967549103330486, 34.0]
[0.0, 0.33668341708542715, 0.6229508196721312, 0.0, 0.0, 0.6751117734724292, 0.049530315969257034, 46.0]
[1.0, 0.4472361809045226, 0.19672131147540983, 0.1919191919191919, 0.02955082742316785, 0.41430700447093893, 0.20538001707941927, 21.0]
[1.0, 0.5477386934673367, 0.3114754098360656, 0.18181818181818182, 0.14184397163120568, 0.34426229508196726, 0.14047822374039282, 26.0]
[1.0, 0.542713567839196, 0.7213114754098361, 0.1919191919191919, 0.0, 0.40387481371087935, 0.13748932536293765, 24.0]
[6.0, 0.4824120603015075, 0.0, 0.0, 0.0, 0.35320417287630407, 0.04782237403928266, 28.0]
[1.0, 0.6231155778894473, 0.6065573770491803, 0.36363636363636365, 0.0, 0.41430700447093893, 0.009393680614859097, 30.0]
[1.0, 0.6231155778894473, 0.4918032786885246, 0.32323232323232326, 0.0, 0.533532041728763, 0.18616567036720752, 21.0]
[1.0, 0.4623115577889447, 0.5081967213114754, 0.25252525252525254, 0.04846335697399527, 0.2906110283159464, 0.17250213492741248, 25.0]
[0.0, 0.7638190954773869, 0.6721311475409836, 0.3939393939393939, 0.3215130023640662, 0.6184798807749627, 0.08198121263877028, 27.0]
[1.0, 0.5577889447236181, 0.5081967213114754, 0.13131313131313133, 0.21513002364066194, 0.35767511177347244, 0.025619128949615717, 23.0]
[3.0, 0.5326633165829145, 0.4426229508196721, 0.21212121212121213, 0.1867612293144208, 0.4605067064083458, 0.09137489325362937, 24.0]
[6.0, 0.5276381909547738, 0.6557377049180327, 0.2828282828282828, 0.0, 0.4843517138599106, 0.3415883859948762, 26.0]
[3.0, 0.5326633165829145, 0.5901639344262295, 0.0, 0.0, 0.3845007451564829, 0.055081127241673786, 27.0]
[6.0, 0.5879396984924623, 0.7868852459016393, 0.0, 0.0, 0.4277198211624441, 0.033731853116994025, 30.0]
[2.0, 0.3417085427135678, 0.5081967213114754, 0.13131313131313133, 0.01773049645390071, 0.2995529061102832, 0.07643040136635354, 23.0]
[2.0, 0.5628140703517588, 0.7049180327868853, 0.42424242424242425, 0.18912529550827423, 0.5722801788375559, 0.071733561058924, 28.0]
[2.0, 0.4623115577889447, 0.6229508196721312, 0.20202020202020202, 0.0, 0.36065573770491804, 0.6917164816396243, 28.0]
[6.0, 0.9195979899497487, 0.7704918032786885, 0.0, 0.0, 0.6080476900149031, 0.5905209222886421, 45.0]
[0.0, 0.4723618090452261, 0.5737704918032787, 0.2727272727272727, 0.1359338061465721, 0.6482861400894189, 0.11485909479077712, 21.0]
[2.0, 0.542713567839196, 0.5245901639344263, 0.0, 0.0, 0.459016393442623, 0.034158838599487616, 21.0]
[4.0, 0.45226130653266333, 0.7213114754098361, 0.47474747474747475, 0.06382978723404255, 0.5618479880774964, 0.12126387702818105, 29.0]
[0.0, 0.628140703517588, 0.5573770491803278, 0.0, 0.0, 0.3681073025335321, 0.05465414175918019, 21.0]
[0.0, 0.6633165829145728, 0.639344262295082, 0.0, 0.0, 0.4828614008941878, 0.13450042698548248, 21.0]
[5.0, 0.6432160804020101, 0.6557377049180327, 0.0, 0.0, 0.5156482861400895, 0.02818104184457729, 45.0]
[4.0, 0.4723618090452261, 0.5327868852459017, 0.2222222222222222, 0.0, 0.3681073025335321, 0.029888983774551674, 21.0]
[0.0, 0.5125628140703518, 0.639344262295082, 0.40404040404040403, 0.10638297872340426, 0.5141579731743666, 0.06831767719897525, 24.0]
[2.0, 0.5577889447236181, 0.4918032786885246, 0.0, 0.0, 0.3904619970193741, 0.11315115286080271, 23.0]
[1.0, 0.6432160804020101, 0.6721311475409836, 0.1717171717171717, 0.21631205673758866, 0.4098360655737705, 0.015798462852263023, 22.0]
[10.0, 0.4623115577889447, 0.5081967213114754, 0.0, 0.0, 0.3859910581222057, 0.03800170794192997, 31.0]
[5.0, 0.5226130653266332, 0.6065573770491803, 0.0, 0.0, 0.42921013412816694, 0.03202391118701964, 48.0]
[2.0, 0.4723618090452261, 0.6229508196721312, 0.18181818181818182, 0.07801418439716312, 0.4709388971684054, 0.2438087105038429, 23.0]
[1.0, 0.5025125628140703, 0.6065573770491803, 0.12121212121212122, 0.054373522458628844, 0.2906110283159464, 0.030315969257045258, 28.0]
[0.0, 0.5125628140703518, 0.7049180327868853, 0.1717171717171717, 0.12411347517730496, 0.436661698956781, 0.2634500426985482, 27.0]
[4.0, 0.6432160804020101, 0.5737704918032787, 0.0, 0.0, 0.511177347242921, 0.09607173356105891, 24.0]
[4.0, 0.45226130653266333, 0.0, 0.0, 0.0, 0.41728763040238454, 0.22715627668659266, 31.0]
[3.0, 0.5175879396984925, 0.5901639344262295, 0.30303030303030304, 0.17966903073286053, 0.41132637853949333, 0.2783945345858241, 27.0]
[2.0, 0.7889447236180904, 0.6065573770491803, 0.35353535353535354, 0.5200945626477541, 0.587183308494784, 0.023911187019641334, 30.0]
[0.0, 0.5376884422110553, 0.4918032786885246, 0.25252525252525254, 0.0, 0.39344262295081966, 0.02348420153714774, 23.0]
[1.0, 0.457286432160804, 0.4426229508196721, 0.25252525252525254, 0.1182033096926714, 0.37555886736214605, 0.06660973526900084, 23.0]
[1.0, 0.5879396984924623, 0.4918032786885246, 0.23232323232323232, 0.12529550827423167, 0.503725782414307, 0.16567036720751493, 27.0]
[5.0, 0.6180904522613065, 0.6065573770491803, 0.40404040404040403, 0.09101654846335698, 0.5081967213114754, 0.08155422715627667, 28.0]
[2.0, 0.6030150753768844, 0.4426229508196721, 0.0, 0.0, 0.3994038748137109, 0.1609735269000854, 27.0]
[1.0, 0.5326633165829145, 0.5737704918032787, 0.2828282828282828, 0.1595744680851064, 0.5096870342771983, 0.027327070879590087, 22.0]
[2.0, 0.507537688442211, 0.47540983606557374, 0.35353535353535354, 0.10638297872340426, 0.3248882265275708, 0.03287788215200683, 22.0]
[1.0, 0.6030150753768844, 0.6557377049180327, 0.48484848484848486, 0.2364066193853428, 0.57973174366617, 0.46285226302305715, 41.0]
[11.0, 0.6381909547738693, 0.8688524590163934, 0.0, 0.0, 0.5812220566318927, 0.04782237403928266, 51.0]
[10.0, 0.8140703517587939, 0.6885245901639344, 0.0, 0.0, 0.4128166915052161, 0.0444064901793339, 54.0]
[1.0, 0.5628140703517588, 0.6557377049180327, 0.45454545454545453, 0.15602836879432624, 0.518628912071535, 0.059350982066609735, 24.0]
[6.0, 0.49246231155778897, 0.47540983606557374, 0.3333333333333333, 0.22458628841607564, 0.5067064083457526, 0.1502988898377455, 43.0]
[9.0, 0.7738693467336684, 0.639344262295082, 0.30303030303030304, 0.1182033096926714, 0.4605067064083458, 0.03672075149444918, 45.0]
[6.0, 0.8291457286432161, 0.5573770491803278, 0.26262626262626265, 0.19858156028368795, 0.5007451564828614, 0.23612297181895817, 49.0]
[1.0, 0.49748743718592964, 0.47540983606557374, 0.10101010101010101, 0.0, 0.37853949329359166, 0.20196413321947054, 21.0]
[10.0, 0.3417085427135678, 0.8688524590163934, 0.23232323232323232, 0.057919621749408984, 0.5290611028315947, 0.08838599487617418, 47.0]
[3.0, 0.6180904522613065, 0.819672131147541, 0.35353535353535354, 0.28368794326241137, 0.8539493293591655, 0.34244235695986336, 22.0]
[8.0, 0.457286432160804, 0.6721311475409836, 0.0, 0.0, 0.5305514157973175, 0.21733561058924, 68.0]
[0.0, 0.46733668341708545, 0.4918032786885246, 0.0, 0.0, 0.526080476900149, 0.07899231426131512, 25.0]
[2.0, 0.507537688442211, 0.47540983606557374, 0.1717171717171717, 0.3132387706855792, 0.36065573770491804, 0.22886421861656706, 23.0]
[2.0, 0.2814070351758794, 0.45901639344262296, 0.2828282828282828, 0.05319148936170213, 0.36065573770491804, 0.10845431255337318, 22.0]
[0.0, 0.47738693467336685, 0.5245901639344263, 0.3939393939393939, 0.12411347517730496, 0.6646795827123697, 0.12297181895815541, 22.0]
[5.0, 0.6834170854271356, 0.6721311475409836, 0.0, 0.0, 0.0, 0.23996584116140052, 69.0]
[2.0, 0.6482412060301508, 0.6065573770491803, 0.26262626262626265, 0.24231678486997635, 0.4947839046199703, 0.21904355251921434, 25.0]
[3.0, 0.6532663316582915, 0.5245901639344263, 0.0, 0.0, 0.34426229508196726, 0.10076857386848846, 22.0]
[1.0, 0.5376884422110553, 0.4098360655737705, 0.1919191919191919, 0.0, 0.42175856929955297, 0.04397950469684032, 29.0]
[1.0, 0.7035175879396985, 0.6065573770491803, 0.26262626262626265, 0.2127659574468085, 0.35916542473919527, 0.3202391118701964, 23.0]
[8.0, 0.5376884422110553, 0.6557377049180327, 0.0, 0.0, 0.3666169895678093, 0.33219470538001705, 34.0]
[2.0, 0.6080402010050251, 0.5737704918032787, 0.32323232323232326, 0.11229314420803782, 0.5827123695976155, 0.3450042698548249, 23.0]
[2.0, 0.45226130653266333, 0.4918032786885246, 0.0, 0.0, 0.35022354694485847, 0.04824935952177626, 25.0]
[0.0, 0.49748743718592964, 0.0, 0.0, 0.0, 0.37257824143070045, 0.07472245943637916, 22.0]
[4.0, 0.6381909547738693, 0.7213114754098361, 0.1111111111111111, 0.18321513002364065, 0.5141579731743666, 0.2220324508966695, 28.0]
[4.0, 0.592964824120603, 0.5737704918032787, 0.0, 0.0, 0.6631892697466468, 0.35269000853970967, 26.0]
[2.0, 0.6130653266331658, 0.6229508196721312, 0.2727272727272727, 0.2364066193853428, 0.5350223546944859, 0.17292912040990605, 26.0]
[2.0, 0.6482412060301508, 0.0, 0.0, 0.0, 0.5737704918032788, 0.0964987190435525, 41.0]
[4.0, 0.5527638190954773, 0.6229508196721312, 0.20202020202020202, 0.1182033096926714, 0.42324888226527574, 0.01707941929974381, 27.0]
[6.0, 0.4020100502512563, 0.6557377049180327, 0.36363636363636365, 0.0, 0.5931445603576752, 0.042271562766865924, 28.0]
[2.0, 0.6381909547738693, 0.3770491803278688, 0.21212121212121213, 0.3959810874704492, 0.5126676602086438, 0.04184457728437234, 22.0]
[3.0, 0.7939698492462312, 0.5245901639344263, 0.13131313131313133, 0.4574468085106383, 0.46497764530551416, 0.09265584970111014, 24.0]
[5.0, 0.6331658291457286, 0.639344262295082, 0.2727272727272727, 0.026004728132387706, 0.4411326378539494, 0.15414175918018785, 40.0]
[0.0, 0.6733668341708543, 0.47540983606557374, 0.20202020202020202, 0.34397163120567376, 0.39344262295081966, 0.11699402220324509, 21.0]
[3.0, 0.5125628140703518, 0.6065573770491803, 0.0, 0.0, 0.4396423248882266, 0.018360375747224593, 32.0]
[10.0, 0.4723618090452261, 0.5901639344262295, 0.18181818181818182, 0.0, 0.34426229508196726, 0.22075149444918873, 56.0]
[1.0, 0.542713567839196, 0.4918032786885246, 0.46464646464646464, 0.21040189125295508, 0.5290611028315947, 0.14389410760034158, 24.0]
[4.0, 0.41708542713567837, 0.7049180327868853, 0.1919191919191919, 0.0, 0.436661698956781, 0.10204953031596925, 34.0]
[1.0, 0.5728643216080402, 0.5409836065573771, 0.36363636363636365, 0.2364066193853428, 0.5678092399403876, 0.09009393680614858, 21.0]
[5.0, 0.5879396984924623, 0.7049180327868853, 0.30303030303030304, 0.12411347517730496, 0.5827123695976155, 0.07386848847139196, 42.0]
[1.0, 0.5577889447236181, 0.7704918032786885, 0.0, 0.0, 0.488822652757079, 0.0798462852263023, 45.0]
[4.0, 0.5628140703517588, 0.639344262295082, 0.40404040404040403, 0.0, 0.587183308494784, 0.06746370623398805, 38.0]
[1.0, 0.5829145728643216, 0.639344262295082, 0.29292929292929293, 0.2127659574468085, 0.5380029806259315, 0.1784799316823228, 25.0]
[0.0, 0.7085427135678392, 0.6885245901639344, 0.26262626262626265, 0.0, 0.4828614008941878, 0.15157984628522628, 22.0]
[2.0, 0.8793969849246231, 0.7213114754098361, 0.0, 0.0, 0.3412816691505216, 0.10589239965841162, 22.0]
[2.0, 0.4623115577889447, 0.4262295081967213, 0.0, 0.0, 0.4485842026825634, 0.026900085397096492, 22.0]
[2.0, 0.5326633165829145, 0.45901639344262296, 0.2727272727272727, 0.1950354609929078, 0.43219076005961254, 0.1485909479077711, 22.0]
[2.0, 0.5276381909547738, 0.6147540983606558, 0.0, 0.0, 0.34724292101341286, 0.2058070025619129, 53.0]
[4.0, 0.47738693467336685, 0.4918032786885246, 0.32323232323232326, 0.0, 0.5275707898658718, 0.08795900939368059, 28.0]
[0.0, 0.6331658291457286, 0.7049180327868853, 0.2727272727272727, 0.14184397163120568, 0.40834575260804773, 0.1865926558497011, 21.0]
[8.0, 0.32663316582914576, 0.5901639344262295, 0.23232323232323232, 0.0, 0.4769001490312966, 0.2228864218616567, 42.0]
[2.0, 0.49748743718592964, 0.4918032786885246, 0.1717171717171717, 0.18912529550827423, 0.5454545454545455, 0.1601195559350982, 21.0]
[3.0, 0.5125628140703518, 0.36065573770491804, 0.20202020202020202, 0.1111111111111111, 0.459016393442623, 0.13748932536293765, 26.0]
[1.0, 0.5477386934673367, 0.47540983606557374, 0.18181818181818182, 0.13711583924349882, 0.42473919523099857, 0.060204953031596904, 22.0]
[13.0, 0.7688442211055276, 0.7213114754098361, 0.37373737373737376, 0.16548463356973994, 0.6050670640834576, 0.46797608881298036, 39.0]
[12.0, 0.5025125628140703, 0.6885245901639344, 0.3333333333333333, 0.12411347517730496, 0.44709388971684055, 0.17506404782237403, 46.0]
[1.0, 0.40703517587939697, 0.6065573770491803, 0.41414141414141414, 0.0673758865248227, 0.6900149031296573, 0.43467122117847984, 32.0]
[1.0, 0.6080402010050251, 0.639344262295082, 0.3939393939393939, 0.08747044917257683, 0.5812220566318927, 0.07813834329632792, 28.0]
[3.0, 0.542713567839196, 0.5081967213114754, 0.24242424242424243, 0.0, 0.3874813710879285, 0.06191289496157131, 25.0]
[7.0, 0.6884422110552764, 0.7377049180327869, 0.41414141414141414, 0.0, 0.4769001490312966, 0.1336464560204953, 39.0]
[1.0, 0.5326633165829145, 0.6229508196721312, 0.0, 0.0, 0.5588673621460507, 0.05081127241673782, 26.0]
[2.0, 0.44221105527638194, 0.47540983606557374, 0.26262626262626265, 0.018912529550827423, 0.42324888226527574, 0.2937660119555935, 22.0]
[9.0, 0.4472361809045226, 0.5081967213114754, 0.0, 0.0, 0.33532041728763046, 0.027327070879590087, 33.0]
[10.0, 0.507537688442211, 0.6229508196721312, 0.48484848484848486, 0.2127659574468085, 0.4903129657228018, 0.03970964987190436, 63.0]
[2.0, 0.6130653266331658, 0.5737704918032787, 0.2727272727272727, 0.0, 0.5484351713859911, 0.11187019641332195, 27.0]
[5.0, 0.6080402010050251, 0.5901639344262295, 0.23232323232323232, 0.13238770685579196, 0.3904619970193741, 0.07130657557643039, 30.0]
[1.0, 0.46733668341708545, 0.5737704918032787, 0.31313131313131315, 0.0, 0.45305514157973176, 0.10119555935098205, 23.0]